6	9.0
6	10.0
7	9.0
7	10.0
8	9.0
8	10.0
9	10.0
11	15.0
11	16.0
11	17.0
11	12.0
11	13.0
11	14.0
13	14.0
13	1004.0
13	1410.0
14	16.0
14	1428.0
15	1521.0
15	17.0
15	16.0
16	709.0
16	710.0
16	1194.0
16	17.0
16	391.0
17	1521.0
18	19.0
18	20.0
18	21.0
19	21.0
19	20.0
20	21.0
20	1357.0
22	24.0
22	30.0
22	25.0
22	27.0
22	28.0
22	29.0
22	26.0
22	23.0
23	729.0
23	27.0
23	28.0
23	64.0
23	26.0
23	25.0
23	730.0
23	731.0
23	29.0
23	30.0
23	24.0
24	25.0
24	731.0
24	1122.0
24	730.0
24	28.0
24	919.0
24	27.0
24	1121.0
24	729.0
24	184.0
24	920.0
24	29.0
24	921.0
24	922.0
24	748.0
24	683.0
24	30.0
24	918.0
24	64.0
24	917.0
24	916.0
24	26.0
25	729.0
25	731.0
25	29.0
25	30.0
25	64.0
25	26.0
25	730.0
25	28.0
25	27.0
26	30.0
26	29.0
26	28.0
27	920.0
27	921.0
27	1185.0
27	563.0
27	30.0
27	683.0
27	29.0
27	1186.0
27	922.0
27	919.0
27	28.0
27	731.0
28	29.0
28	30.0
28	1122.0
29	563.0
29	30.0
29	1186.0
29	1185.0
31	33.0
31	35.0
31	36.0
31	37.0
31	38.0
31	39.0
31	40.0
31	34.0
31	32.0
32	563.0
32	34.0
32	33.0
32	36.0
32	37.0
32	38.0
32	39.0
32	40.0
32	35.0
32	562.0
33	39.0
33	38.0
33	37.0
33	36.0
33	35.0
33	34.0
33	40.0
34	37.0
34	40.0
34	562.0
34	563.0
34	35.0
34	38.0
34	39.0
34	36.0
35	36.0
35	38.0
35	39.0
35	40.0
35	37.0
36	563.0
36	40.0
36	39.0
36	38.0
36	37.0
37	38.0
37	40.0
37	563.0
37	39.0
38	39.0
38	40.0
38	563.0
39	40.0
39	563.0
41	43.0
41	48.0
41	47.0
41	42.0
41	46.0
41	45.0
41	44.0
42	46.0
42	44.0
42	47.0
42	43.0
43	48.0
43	44.0
43	47.0
43	46.0
44	47.0
44	46.0
45	965.0
46	47.0
49	52.0
49	53.0
49	51.0
49	50.0
50	52.0
50	51.0
50	53.0
51	52.0
51	53.0
51	1380.0
52	53.0
54	55.0
56	57.0
57	1367.0
58	59.0
58	60.0
59	60.0
61	63.0
61	64.0
61	65.0
61	66.0
61	67.0
61	68.0
61	62.0
62	592.0
62	594.0
62	595.0
62	596.0
62	597.0
62	598.0
62	599.0
62	68.0
62	600.0
62	593.0
62	63.0
62	64.0
62	65.0
63	67.0
63	65.0
64	184.0
64	600.0
64	30.0
64	920.0
64	29.0
64	1315.0
64	922.0
64	1186.0
64	683.0
64	65.0
64	918.0
64	729.0
64	1183.0
64	27.0
64	593.0
64	919.0
64	596.0
64	1122.0
65	66.0
65	68.0
65	67.0
65	600.0
65	596.0
66	1425.0
66	68.0
69	79.0
69	78.0
69	77.0
69	71.0
69	70.0
69	74.0
69	76.0
69	72.0
69	73.0
69	86.0
69	85.0
69	84.0
69	83.0
69	82.0
69	81.0
69	75.0
69	80.0
70	612.0
70	82.0
70	83.0
70	84.0
70	76.0
70	85.0
70	86.0
70	380.0
70	73.0
70	72.0
70	71.0
70	78.0
70	509.0
70	74.0
70	75.0
70	79.0
70	80.0
70	81.0
71	73.0
71	80.0
71	79.0
71	75.0
71	78.0
71	72.0
71	86.0
71	84.0
72	79.0
72	73.0
72	380.0
72	78.0
72	77.0
72	76.0
72	75.0
72	74.0
72	81.0
72	82.0
72	83.0
72	84.0
72	85.0
72	86.0
72	509.0
72	80.0
73	82.0
73	76.0
73	511.0
73	83.0
73	264.0
73	75.0
73	257.0
73	256.0
73	255.0
73	510.0
73	509.0
73	512.0
73	265.0
73	513.0
73	267.0
73	86.0
73	266.0
73	85.0
73	84.0
73	261.0
73	507.0
73	74.0
73	380.0
73	260.0
73	80.0
73	79.0
73	78.0
73	81.0
73	612.0
73	508.0
73	258.0
74	1347.0
74	84.0
74	261.0
74	83.0
74	509.0
74	76.0
74	80.0
74	86.0
74	78.0
74	81.0
74	82.0
74	79.0
75	83.0
75	76.0
75	78.0
75	79.0
75	80.0
75	81.0
75	84.0
75	82.0
76	78.0
76	1347.0
76	513.0
76	267.0
76	86.0
76	266.0
76	85.0
76	84.0
76	265.0
76	512.0
76	264.0
76	83.0
76	511.0
76	82.0
76	612.0
76	81.0
76	510.0
76	509.0
76	261.0
76	260.0
76	80.0
76	79.0
76	609.0
76	258.0
76	508.0
77	79.0
77	80.0
77	86.0
77	84.0
77	82.0
78	267.0
78	513.0
78	79.0
78	80.0
78	260.0
78	261.0
78	509.0
78	510.0
78	81.0
78	612.0
78	82.0
78	511.0
78	83.0
78	264.0
78	512.0
78	265.0
78	84.0
78	85.0
78	266.0
78	86.0
79	82.0
79	81.0
79	86.0
79	85.0
79	84.0
79	509.0
79	260.0
79	83.0
79	80.0
79	511.0
80	82.0
80	260.0
80	509.0
80	81.0
80	83.0
80	511.0
80	84.0
80	85.0
80	86.0
80	612.0
81	82.0
81	511.0
81	83.0
81	86.0
81	267.0
81	85.0
81	266.0
81	946.0
81	84.0
81	265.0
81	512.0
81	612.0
82	83.0
82	84.0
82	86.0
83	1603.0
83	512.0
83	946.0
83	84.0
83	85.0
83	266.0
83	86.0
83	267.0
84	86.0
84	85.0
85	86.0
85	267.0
85	266.0
87	88.0
87	89.0
87	94.0
87	93.0
87	92.0
87	91.0
87	90.0
88	91.0
88	90.0
88	92.0
88	94.0
88	93.0
89	90.0
89	93.0
89	92.0
90	93.0
90	92.0
90	91.0
90	761.0
91	92.0
91	93.0
92	94.0
92	93.0
93	94.0
95	96.0
96	488.0
96	154.0
96	300.0
96	153.0
96	1272.0
96	152.0
96	115.0
97	98.0
97	100.0
97	99.0
98	99.0
98	100.0
99	100.0
101	123.0
101	116.0
101	103.0
101	125.0
101	102.0
101	122.0
101	105.0
101	106.0
101	107.0
101	108.0
101	109.0
101	124.0
101	110.0
101	111.0
101	112.0
101	117.0
101	113.0
101	114.0
101	115.0
101	120.0
101	121.0
101	118.0
101	104.0
101	119.0
102	311.0
102	494.0
102	124.0
102	310.0
102	226.0
102	309.0
102	176.0
102	122.0
102	111.0
102	110.0
102	280.0
102	278.0
102	107.0
102	277.0
102	379.0
102	276.0
102	275.0
102	283.0
102	274.0
102	105.0
102	273.0
102	284.0
102	285.0
102	381.0
102	287.0
102	288.0
102	170.0
102	289.0
102	290.0
102	291.0
102	385.0
102	113.0
102	386.0
102	293.0
102	114.0
102	115.0
102	116.0
102	294.0
102	490.0
102	117.0
102	295.0
102	296.0
102	298.0
102	272.0
102	271.0
102	300.0
102	301.0
102	174.0
102	302.0
102	303.0
102	175.0
102	389.0
102	304.0
102	305.0
102	491.0
102	194.0
102	270.0
102	489.0
102	193.0
102	109.0
102	279.0
102	223.0
102	121.0
102	306.0
102	492.0
102	493.0
102	308.0
102	292.0
103	200.0
103	106.0
103	108.0
103	497.0
103	110.0
103	526.0
103	118.0
103	119.0
103	120.0
103	527.0
103	176.0
103	123.0
103	500.0
103	528.0
103	125.0
103	379.0
104	210.0
104	940.0
104	292.0
104	113.0
104	385.0
104	208.0
104	207.0
104	206.0
104	205.0
104	170.0
104	380.0
104	283.0
104	110.0
104	204.0
104	109.0
104	203.0
104	278.0
104	202.0
104	201.0
104	200.0
104	639.0
104	379.0
104	198.0
104	274.0
104	105.0
104	114.0
104	211.0
104	116.0
104	212.0
104	641.0
104	213.0
104	117.0
104	295.0
104	296.0
104	214.0
104	822.0
104	215.0
104	216.0
104	217.0
104	219.0
104	220.0
104	221.0
104	222.0
104	389.0
104	120.0
104	644.0
104	304.0
104	223.0
104	390.0
104	492.0
104	122.0
104	176.0
104	941.0
104	942.0
104	226.0
104	228.0
104	391.0
104	124.0
104	229.0
104	231.0
104	232.0
104	174.0
105	282.0
105	284.0
105	112.0
105	285.0
105	381.0
105	303.0
105	175.0
105	866.0
105	302.0
105	174.0
105	301.0
105	121.0
105	305.0
105	300.0
105	387.0
105	115.0
105	116.0
105	829.0
105	283.0
105	107.0
105	277.0
105	200.0
105	379.0
105	276.0
105	291.0
105	553.0
105	290.0
105	311.0
105	494.0
105	124.0
105	406.0
105	310.0
105	309.0
105	646.0
105	868.0
105	176.0
105	122.0
105	308.0
105	493.0
105	492.0
105	645.0
105	289.0
105	950.0
105	170.0
105	288.0
105	287.0
105	830.0
105	275.0
105	278.0
105	274.0
105	298.0
105	296.0
105	306.0
105	295.0
105	279.0
105	988.0
105	280.0
105	117.0
105	294.0
105	304.0
105	389.0
105	385.0
105	171.0
105	113.0
105	292.0
105	111.0
105	293.0
105	114.0
105	865.0
105	281.0
106	119.0
106	120.0
106	125.0
106	176.0
106	118.0
107	297.0
107	553.0
107	296.0
107	290.0
107	289.0
107	170.0
107	287.0
107	381.0
107	117.0
107	286.0
107	294.0
107	285.0
107	112.0
107	283.0
107	301.0
107	111.0
107	279.0
107	115.0
107	114.0
107	293.0
107	302.0
107	292.0
107	308.0
107	122.0
107	176.0
107	309.0
107	113.0
107	385.0
107	291.0
107	391.0
107	278.0
107	494.0
107	311.0
107	174.0
107	304.0
107	175.0
107	121.0
107	303.0
107	300.0
107	387.0
108	499.0
108	527.0
108	120.0
108	119.0
108	118.0
108	110.0
108	125.0
108	123.0
109	227.0
109	226.0
109	646.0
109	941.0
109	122.0
109	308.0
109	492.0
109	830.0
109	644.0
109	643.0
109	389.0
109	175.0
109	222.0
109	642.0
109	302.0
109	955.0
109	954.0
109	216.0
109	822.0
109	295.0
109	953.0
109	117.0
109	952.0
109	641.0
109	490.0
109	1213.0
109	896.0
109	116.0
109	292.0
109	113.0
109	640.0
109	254.0
109	405.0
109	283.0
109	948.0
109	828.0
109	951.0
109	112.0
109	902.0
109	494.0
109	647.0
109	124.0
109	391.0
109	406.0
110	119.0
110	221.0
110	302.0
110	174.0
110	173.0
110	1267.0
110	301.0
110	812.0
110	122.0
110	300.0
110	218.0
110	118.0
110	297.0
110	295.0
110	117.0
110	116.0
110	176.0
110	115.0
110	211.0
110	499.0
110	309.0
110	114.0
110	292.0
110	386.0
110	113.0
110	385.0
110	1060.0
110	384.0
110	205.0
110	226.0
110	500.0
110	310.0
110	391.0
110	170.0
110	254.0
110	124.0
110	287.0
110	285.0
110	112.0
110	283.0
110	308.0
110	121.0
110	223.0
110	120.0
110	389.0
110	222.0
111	385.0
111	113.0
111	311.0
111	494.0
111	124.0
111	869.0
111	310.0
111	309.0
111	499.0
111	176.0
111	122.0
111	308.0
111	493.0
111	307.0
111	867.0
111	306.0
111	121.0
111	305.0
111	304.0
111	175.0
111	303.0
111	866.0
111	302.0
111	174.0
111	301.0
111	300.0
111	218.0
111	299.0
111	387.0
111	298.0
111	297.0
111	296.0
111	295.0
111	117.0
111	294.0
111	116.0
111	115.0
111	865.0
111	114.0
111	293.0
111	292.0
111	282.0
111	283.0
111	284.0
111	112.0
111	285.0
111	286.0
111	381.0
111	287.0
111	288.0
111	170.0
111	289.0
111	290.0
111	553.0
111	291.0
112	386.0
112	292.0
112	311.0
112	494.0
112	124.0
112	406.0
112	309.0
112	941.0
112	176.0
112	122.0
112	308.0
112	493.0
112	645.0
112	306.0
112	121.0
112	223.0
112	304.0
112	389.0
112	175.0
112	303.0
112	866.0
112	302.0
112	174.0
112	173.0
112	301.0
112	300.0
112	172.0
112	296.0
112	295.0
112	953.0
112	117.0
112	490.0
112	294.0
112	116.0
112	115.0
112	114.0
112	293.0
112	285.0
112	405.0
112	381.0
112	287.0
112	288.0
112	170.0
112	950.0
112	289.0
112	290.0
112	951.0
112	113.0
113	300.0
113	301.0
113	174.0
113	302.0
113	866.0
113	303.0
113	175.0
113	389.0
113	643.0
113	644.0
113	304.0
113	223.0
113	121.0
113	306.0
113	307.0
113	493.0
113	308.0
113	122.0
113	176.0
113	499.0
113	309.0
113	310.0
113	869.0
113	124.0
113	494.0
113	311.0
113	902.0
113	386.0
113	292.0
113	293.0
113	114.0
113	115.0
113	116.0
113	294.0
113	117.0
113	295.0
113	296.0
113	387.0
114	297.0
114	822.0
114	216.0
114	387.0
114	300.0
114	301.0
114	1267.0
114	174.0
114	302.0
114	388.0
114	612.0
114	303.0
114	823.0
114	175.0
114	304.0
114	305.0
114	121.0
114	308.0
114	812.0
114	122.0
114	176.0
114	499.0
114	309.0
114	500.0
114	124.0
114	1494.0
114	391.0
114	865.0
114	211.0
114	115.0
114	116.0
114	294.0
114	117.0
114	295.0
114	296.0
115	387.0
115	298.0
115	116.0
115	294.0
115	117.0
115	295.0
115	296.0
115	216.0
115	1004.0
115	230.0
115	494.0
115	391.0
115	310.0
115	309.0
115	499.0
115	176.0
115	122.0
115	308.0
115	307.0
115	867.0
115	306.0
115	121.0
115	223.0
115	305.0
115	304.0
115	175.0
115	823.0
115	303.0
115	866.0
115	388.0
115	220.0
115	302.0
115	174.0
115	301.0
115	300.0
116	215.0
116	297.0
116	295.0
116	117.0
116	232.0
116	494.0
116	229.0
116	124.0
116	391.0
116	310.0
116	500.0
116	226.0
116	309.0
116	499.0
116	176.0
116	122.0
116	308.0
116	493.0
116	390.0
116	121.0
116	223.0
116	304.0
116	389.0
116	822.0
116	175.0
116	222.0
116	221.0
116	388.0
116	220.0
116	302.0
116	174.0
116	173.0
116	300.0
116	218.0
116	216.0
117	902.0
117	953.0
117	295.0
117	296.0
117	1530.0
117	172.0
117	300.0
117	301.0
117	174.0
117	302.0
117	866.0
117	303.0
117	175.0
117	389.0
117	643.0
117	644.0
117	304.0
117	491.0
117	223.0
117	121.0
117	306.0
117	645.0
117	492.0
117	493.0
117	308.0
117	122.0
117	176.0
117	941.0
117	646.0
117	309.0
117	226.0
117	227.0
117	310.0
117	406.0
117	391.0
117	124.0
117	647.0
117	494.0
117	311.0
118	120.0
118	123.0
118	125.0
118	527.0
118	119.0
119	125.0
119	500.0
119	123.0
119	499.0
119	527.0
119	120.0
120	499.0
120	527.0
120	125.0
120	123.0
121	308.0
121	307.0
121	306.0
121	124.0
121	391.0
121	310.0
121	309.0
121	176.0
121	122.0
122	310.0
122	391.0
122	869.0
122	124.0
122	647.0
122	494.0
122	311.0
122	902.0
122	1004.0
122	406.0
122	176.0
122	941.0
122	646.0
122	309.0
122	226.0
122	227.0
123	125.0
124	647.0
124	494.0
126	127.0
128	141.0
128	143.0
128	142.0
128	140.0
128	139.0
128	138.0
128	137.0
128	136.0
128	135.0
128	134.0
128	133.0
128	132.0
128	131.0
128	130.0
128	129.0
129	143.0
129	130.0
129	131.0
129	132.0
129	133.0
129	134.0
129	135.0
129	136.0
129	137.0
129	138.0
129	301.0
129	175.0
129	140.0
129	141.0
129	142.0
130	138.0
130	140.0
130	135.0
130	136.0
130	134.0
130	139.0
130	132.0
130	141.0
130	131.0
130	133.0
130	143.0
130	137.0
131	140.0
131	1285.0
131	141.0
131	1286.0
131	143.0
131	1064.0
131	132.0
131	133.0
131	134.0
131	135.0
131	1283.0
131	136.0
131	904.0
131	137.0
131	138.0
131	1284.0
132	139.0
132	141.0
132	142.0
132	143.0
132	140.0
132	290.0
132	133.0
132	134.0
132	135.0
132	136.0
132	137.0
132	138.0
132	301.0
133	136.0
133	140.0
133	143.0
133	134.0
133	141.0
133	137.0
133	138.0
133	135.0
133	139.0
134	142.0
134	138.0
134	137.0
134	301.0
134	139.0
134	140.0
134	161.0
134	160.0
134	135.0
134	136.0
134	143.0
134	141.0
135	143.0
135	140.0
135	138.0
135	137.0
135	136.0
135	141.0
136	143.0
136	137.0
136	138.0
136	139.0
136	140.0
136	141.0
137	143.0
137	141.0
137	138.0
137	140.0
137	139.0
138	143.0
138	139.0
138	301.0
138	141.0
138	140.0
139	141.0
139	1136.0
140	141.0
140	142.0
140	143.0
141	143.0
144	146.0
144	145.0
145	1441.0
145	146.0
147	148.0
149	150.0
151	154.0
151	153.0
151	152.0
152	154.0
152	153.0
153	613.0
153	1575.0
153	1574.0
153	154.0
153	1370.0
154	882.0
154	881.0
154	613.0
154	880.0
154	878.0
154	1575.0
154	879.0
154	1574.0
155	157.0
155	158.0
155	161.0
155	160.0
155	134.0
155	159.0
155	156.0
156	160.0
156	134.0
156	161.0
157	160.0
157	161.0
157	158.0
157	159.0
157	134.0
158	160.0
158	159.0
158	134.0
158	161.0
159	161.0
159	134.0
159	160.0
160	161.0
162	167.0
162	166.0
162	163.0
162	164.0
162	165.0
163	166.0
164	153.0
164	166.0
164	165.0
165	166.0
168	131.0
169	124.0
169	176.0
169	175.0
169	173.0
169	172.0
169	115.0
169	171.0
169	170.0
169	174.0
170	308.0
170	122.0
170	176.0
170	1371.0
170	499.0
170	868.0
170	309.0
170	310.0
170	406.0
170	391.0
170	869.0
170	124.0
170	494.0
170	311.0
170	644.0
170	389.0
170	175.0
170	303.0
170	866.0
170	302.0
170	174.0
170	301.0
170	300.0
170	172.0
170	218.0
170	387.0
170	297.0
170	296.0
170	295.0
170	117.0
170	490.0
170	294.0
170	116.0
170	115.0
170	114.0
170	293.0
170	292.0
170	386.0
170	113.0
170	385.0
170	291.0
170	290.0
170	383.0
170	289.0
170	304.0
170	305.0
170	491.0
170	223.0
170	121.0
170	306.0
170	307.0
171	172.0
171	1136.0
171	866.0
171	173.0
172	173.0
172	124.0
172	391.0
172	121.0
172	389.0
172	302.0
173	122.0
173	812.0
173	124.0
174	305.0
174	223.0
174	121.0
174	306.0
174	302.0
174	307.0
174	493.0
174	308.0
174	122.0
174	176.0
174	499.0
174	309.0
174	226.0
174	310.0
174	124.0
174	494.0
174	311.0
174	866.0
174	303.0
174	175.0
174	389.0
174	304.0
175	176.0
175	499.0
175	389.0
175	643.0
175	304.0
175	305.0
175	311.0
175	494.0
175	124.0
175	391.0
175	121.0
175	306.0
175	406.0
175	310.0
175	867.0
175	307.0
175	309.0
175	868.0
175	645.0
175	941.0
175	492.0
175	308.0
175	122.0
176	232.0
176	228.0
176	310.0
176	500.0
176	226.0
176	309.0
176	942.0
176	311.0
176	494.0
176	229.0
176	391.0
176	124.0
177	173.0
178	179.0
178	181.0
178	180.0
178	182.0
178	185.0
178	184.0
178	183.0
179	181.0
179	180.0
179	182.0
179	184.0
179	190.0
179	189.0
179	188.0
179	187.0
179	186.0
180	189.0
180	183.0
180	473.0
180	472.0
180	471.0
180	186.0
180	187.0
180	24.0
180	468.0
180	469.0
180	190.0
180	470.0
180	184.0
180	475.0
180	474.0
181	185.0
181	182.0
182	1542.0
182	1543.0
182	185.0
182	1544.0
183	780.0
183	779.0
183	778.0
183	474.0
183	189.0
183	781.0
184	190.0
184	1595.0
184	696.0
186	472.0
186	469.0
187	24.0
187	471.0
187	739.0
187	64.0
187	740.0
187	744.0
187	745.0
187	190.0
187	748.0
187	473.0
187	184.0
187	746.0
187	189.0
187	743.0
187	742.0
187	741.0
187	747.0
187	678.0
187	468.0
188	190.0
188	468.0
188	742.0
188	181.0
188	743.0
188	473.0
188	676.0
188	748.0
189	475.0
189	474.0
191	221.0
191	196.0
191	193.0
191	228.0
191	220.0
191	197.0
191	104.0
191	219.0
191	218.0
191	217.0
191	216.0
191	215.0
191	210.0
191	206.0
191	207.0
191	208.0
191	209.0
191	214.0
191	213.0
191	212.0
191	211.0
191	198.0
191	199.0
191	200.0
191	201.0
191	202.0
191	203.0
191	204.0
191	110.0
191	205.0
191	232.0
191	231.0
191	230.0
191	229.0
191	194.0
191	195.0
191	227.0
191	226.0
191	225.0
191	192.0
191	176.0
191	224.0
191	223.0
191	222.0
192	207.0
192	103.0
192	205.0
192	170.0
192	382.0
192	287.0
192	194.0
192	195.0
192	376.0
192	381.0
192	380.0
192	285.0
192	112.0
192	377.0
192	196.0
192	111.0
192	383.0
192	290.0
192	384.0
192	385.0
192	386.0
192	110.0
192	280.0
192	279.0
192	203.0
192	278.0
192	107.0
192	202.0
192	193.0
192	102.0
192	293.0
192	200.0
192	379.0
192	198.0
192	114.0
192	211.0
192	115.0
192	116.0
192	294.0
192	213.0
192	232.0
192	117.0
192	295.0
192	296.0
192	214.0
192	215.0
192	216.0
192	298.0
192	387.0
192	300.0
192	301.0
192	391.0
192	272.0
192	104.0
192	378.0
192	105.0
192	274.0
192	228.0
192	275.0
192	310.0
192	226.0
192	123.0
192	309.0
192	176.0
192	122.0
192	308.0
192	390.0
192	121.0
192	174.0
192	302.0
192	220.0
192	388.0
192	221.0
192	119.0
192	303.0
192	222.0
192	175.0
192	389.0
192	305.0
192	223.0
192	289.0
192	270.0
192	124.0
193	283.0
193	112.0
193	381.0
193	288.0
193	170.0
193	205.0
193	289.0
193	290.0
193	385.0
193	113.0
193	386.0
193	292.0
193	293.0
193	114.0
193	115.0
193	116.0
193	294.0
193	117.0
193	295.0
193	296.0
193	298.0
193	387.0
193	218.0
193	300.0
193	301.0
193	174.0
193	302.0
193	303.0
193	222.0
193	497.0
193	279.0
193	496.0
193	278.0
193	107.0
193	495.0
193	201.0
193	200.0
193	379.0
193	276.0
193	198.0
193	274.0
193	378.0
193	175.0
193	389.0
193	304.0
193	305.0
193	223.0
193	121.0
193	390.0
193	104.0
193	272.0
193	196.0
193	376.0
193	195.0
193	194.0
193	498.0
193	308.0
193	122.0
193	176.0
193	499.0
193	309.0
193	226.0
193	500.0
193	310.0
193	391.0
193	124.0
193	229.0
193	280.0
193	110.0
193	111.0
194	387.0
194	218.0
194	300.0
194	173.0
194	279.0
194	496.0
194	203.0
194	278.0
194	107.0
194	277.0
194	200.0
194	379.0
194	198.0
194	274.0
194	378.0
194	104.0
194	272.0
194	377.0
194	376.0
194	195.0
194	174.0
194	302.0
194	388.0
194	303.0
194	175.0
194	304.0
194	305.0
194	223.0
194	121.0
194	701.0
194	306.0
194	307.0
194	308.0
194	122.0
194	176.0
194	225.0
194	499.0
194	309.0
194	226.0
194	310.0
194	391.0
194	230.0
194	500.0
194	280.0
194	110.0
194	283.0
194	284.0
194	285.0
194	381.0
194	287.0
194	254.0
194	698.0
194	170.0
194	205.0
194	699.0
194	383.0
194	385.0
194	386.0
194	292.0
194	114.0
194	211.0
194	115.0
194	116.0
194	294.0
194	117.0
194	295.0
194	296.0
194	215.0
194	216.0
194	700.0
195	229.0
195	230.0
195	232.0
195	200.0
195	203.0
195	207.0
195	104.0
195	378.0
195	208.0
195	211.0
195	116.0
195	749.0
195	215.0
195	220.0
195	198.0
195	221.0
195	223.0
195	121.0
195	701.0
195	176.0
195	226.0
195	750.0
196	199.0
196	198.0
196	232.0
196	229.0
196	390.0
196	223.0
196	389.0
196	222.0
196	221.0
196	216.0
196	215.0
196	822.0
196	213.0
196	116.0
196	211.0
196	385.0
196	208.0
196	207.0
196	204.0
196	201.0
196	104.0
197	202.0
197	198.0
197	104.0
197	200.0
197	232.0
197	231.0
197	230.0
197	229.0
197	228.0
197	225.0
197	223.0
197	887.0
197	221.0
197	220.0
197	219.0
197	217.0
197	216.0
197	215.0
197	214.0
197	213.0
197	212.0
197	116.0
197	211.0
197	210.0
197	886.0
197	209.0
197	208.0
197	206.0
197	205.0
197	204.0
197	203.0
198	229.0
198	232.0
198	208.0
198	207.0
198	206.0
198	205.0
198	204.0
198	203.0
198	202.0
198	201.0
198	200.0
198	386.0
198	210.0
198	211.0
198	116.0
198	212.0
198	213.0
198	214.0
198	215.0
198	216.0
198	220.0
198	221.0
198	222.0
198	223.0
198	390.0
198	224.0
198	176.0
198	942.0
198	226.0
198	228.0
200	232.0
200	277.0
200	107.0
200	278.0
200	203.0
200	279.0
200	280.0
200	204.0
200	110.0
200	111.0
200	282.0
200	283.0
200	285.0
200	380.0
200	381.0
200	287.0
200	288.0
200	382.0
200	170.0
200	205.0
200	207.0
200	289.0
200	383.0
200	384.0
200	291.0
200	208.0
200	385.0
200	113.0
200	386.0
200	292.0
200	293.0
200	114.0
200	865.0
200	211.0
200	115.0
200	116.0
200	294.0
200	213.0
200	117.0
200	295.0
200	296.0
200	214.0
200	215.0
200	216.0
200	700.0
200	298.0
200	218.0
200	172.0
200	300.0
200	301.0
200	1088.0
200	174.0
200	302.0
200	220.0
200	388.0
200	221.0
200	866.0
200	303.0
200	823.0
200	175.0
200	304.0
200	305.0
200	223.0
200	121.0
200	701.0
200	306.0
200	390.0
200	307.0
200	308.0
200	122.0
200	176.0
200	225.0
200	942.0
200	309.0
200	226.0
200	500.0
200	310.0
200	228.0
200	391.0
200	124.0
200	229.0
200	494.0
200	311.0
200	230.0
200	1004.0
201	116.0
201	215.0
201	223.0
201	390.0
201	498.0
201	176.0
201	228.0
201	229.0
201	232.0
201	212.0
201	1166.0
201	207.0
201	208.0
201	940.0
201	211.0
202	204.0
202	206.0
202	208.0
202	232.0
202	231.0
202	230.0
202	229.0
202	228.0
202	225.0
202	223.0
202	205.0
202	887.0
202	221.0
202	220.0
202	219.0
202	217.0
202	216.0
202	215.0
202	214.0
202	213.0
202	212.0
202	211.0
202	210.0
202	886.0
202	209.0
202	1171.0
202	203.0
202	1172.0
203	176.0
203	223.0
203	887.0
203	221.0
203	212.0
203	116.0
203	211.0
203	210.0
203	886.0
203	209.0
203	208.0
203	207.0
203	206.0
203	205.0
203	1207.0
203	204.0
203	232.0
203	220.0
203	219.0
203	217.0
203	216.0
203	214.0
203	215.0
203	213.0
203	231.0
203	230.0
203	229.0
203	228.0
203	225.0
204	210.0
204	208.0
204	232.0
204	231.0
204	230.0
204	229.0
204	228.0
204	176.0
204	223.0
204	221.0
204	220.0
204	219.0
204	217.0
204	216.0
204	215.0
204	209.0
204	214.0
204	213.0
204	212.0
204	205.0
204	206.0
204	207.0
204	211.0
205	217.0
205	219.0
205	220.0
205	221.0
205	222.0
205	389.0
205	223.0
205	779.0
205	780.0
205	122.0
205	208.0
205	206.0
205	176.0
205	309.0
205	226.0
205	228.0
205	229.0
205	1373.0
205	210.0
205	776.0
205	232.0
205	211.0
205	116.0
205	214.0
205	215.0
205	216.0
206	228.0
206	226.0
206	208.0
206	209.0
206	210.0
206	211.0
206	213.0
206	214.0
206	215.0
206	216.0
206	217.0
206	220.0
206	221.0
206	223.0
206	232.0
206	229.0
207	303.0
207	220.0
207	219.0
207	215.0
207	232.0
207	213.0
207	214.0
207	176.0
207	228.0
207	229.0
207	208.0
207	940.0
207	212.0
207	498.0
207	223.0
208	214.0
208	212.0
208	116.0
208	211.0
208	210.0
208	886.0
208	209.0
208	213.0
208	231.0
208	232.0
208	229.0
208	228.0
208	225.0
208	176.0
208	223.0
208	887.0
208	221.0
208	220.0
208	219.0
208	217.0
208	216.0
208	215.0
209	210.0
209	228.0
209	229.0
209	220.0
209	216.0
209	231.0
209	232.0
209	215.0
209	214.0
209	213.0
209	211.0
210	216.0
210	214.0
210	213.0
210	211.0
210	232.0
210	231.0
210	215.0
210	229.0
210	228.0
210	226.0
210	223.0
210	221.0
210	220.0
210	219.0
210	217.0
211	220.0
211	887.0
211	223.0
211	224.0
211	1498.0
211	176.0
211	225.0
211	942.0
211	226.0
211	228.0
211	229.0
211	230.0
211	231.0
211	232.0
211	221.0
211	213.0
211	212.0
211	116.0
211	115.0
211	214.0
211	215.0
211	216.0
211	217.0
211	219.0
212	216.0
212	228.0
212	176.0
212	223.0
212	221.0
212	220.0
212	214.0
212	232.0
212	219.0
212	215.0
212	213.0
213	216.0
213	232.0
213	231.0
213	229.0
213	228.0
213	223.0
213	220.0
213	219.0
213	217.0
213	214.0
213	215.0
214	230.0
214	223.0
214	1558.0
214	231.0
214	229.0
214	228.0
214	226.0
214	232.0
214	215.0
214	216.0
214	217.0
214	219.0
214	220.0
214	221.0
214	225.0
215	176.0
215	223.0
215	221.0
215	220.0
215	219.0
215	217.0
215	216.0
215	232.0
215	231.0
215	229.0
215	228.0
215	226.0
215	942.0
215	225.0
216	228.0
216	226.0
216	942.0
216	176.0
216	1498.0
216	223.0
216	887.0
216	389.0
216	222.0
216	221.0
216	220.0
216	301.0
216	219.0
216	217.0
216	232.0
216	231.0
216	229.0
217	229.0
217	228.0
217	231.0
217	232.0
217	223.0
217	219.0
217	220.0
217	221.0
217	887.0
218	1576.0
218	812.0
218	701.0
218	303.0
218	388.0
218	1088.0
218	176.0
218	311.0
218	309.0
219	232.0
219	231.0
219	229.0
219	223.0
219	228.0
219	220.0
220	229.0
220	230.0
220	231.0
220	221.0
220	887.0
220	223.0
220	176.0
220	225.0
220	226.0
220	232.0
220	228.0
221	176.0
221	224.0
221	223.0
221	222.0
221	887.0
221	232.0
221	231.0
221	229.0
221	228.0
221	226.0
222	941.0
222	646.0
222	389.0
222	644.0
222	223.0
222	645.0
222	226.0
222	492.0
222	228.0
223	124.0
223	229.0
223	231.0
223	232.0
223	228.0
223	310.0
223	500.0
223	226.0
223	309.0
223	942.0
223	176.0
223	122.0
223	121.0
224	229.0
225	230.0
225	226.0
225	228.0
226	232.0
226	229.0
226	391.0
226	228.0
226	227.0
226	230.0
227	406.0
227	124.0
227	647.0
228	231.0
228	232.0
228	229.0
228	230.0
229	232.0
229	1558.0
229	231.0
230	232.0
231	232.0
233	234.0
235	236.0
235	237.0
236	237.0
236	718.0
238	239.0
238	240.0
239	240.0
241	243.0
241	242.0
242	243.0
244	73.0
244	254.0
244	255.0
244	256.0
244	257.0
244	76.0
244	258.0
244	259.0
244	78.0
244	253.0
244	261.0
244	262.0
244	263.0
244	264.0
244	265.0
244	266.0
244	267.0
244	252.0
244	251.0
244	250.0
244	249.0
244	248.0
244	247.0
244	246.0
244	245.0
244	260.0
245	504.0
245	513.0
245	267.0
245	266.0
245	85.0
245	265.0
245	512.0
245	264.0
245	83.0
245	263.0
245	511.0
245	81.0
245	510.0
245	509.0
245	261.0
245	260.0
245	79.0
245	78.0
245	508.0
245	258.0
245	76.0
245	257.0
245	256.0
245	255.0
245	507.0
245	73.0
245	253.0
245	252.0
245	251.0
245	250.0
245	249.0
245	248.0
245	247.0
245	506.0
245	505.0
245	246.0
246	249.0
246	248.0
246	267.0
246	266.0
246	265.0
246	264.0
246	263.0
246	262.0
246	261.0
246	260.0
246	78.0
246	258.0
246	76.0
246	257.0
246	254.0
246	73.0
246	253.0
246	250.0
246	252.0
247	508.0
247	267.0
247	266.0
247	85.0
247	265.0
247	264.0
247	83.0
247	263.0
247	511.0
247	81.0
247	261.0
247	73.0
247	255.0
247	256.0
247	257.0
247	249.0
247	250.0
247	251.0
247	76.0
247	260.0
247	78.0
248	257.0
248	254.0
248	252.0
248	249.0
248	264.0
248	265.0
248	267.0
248	266.0
248	78.0
248	258.0
249	251.0
249	250.0
249	267.0
249	266.0
249	265.0
249	264.0
249	263.0
249	261.0
249	260.0
249	78.0
249	259.0
249	258.0
249	76.0
249	257.0
249	254.0
249	73.0
249	253.0
249	252.0
250	78.0
250	508.0
250	258.0
250	76.0
250	257.0
250	256.0
250	255.0
250	73.0
250	253.0
250	252.0
250	251.0
250	267.0
250	266.0
250	265.0
250	512.0
250	264.0
250	83.0
250	511.0
250	81.0
250	261.0
250	260.0
251	609.0
251	76.0
251	608.0
251	257.0
251	256.0
251	255.0
251	507.0
251	74.0
251	380.0
251	73.0
251	252.0
251	508.0
251	259.0
251	610.0
251	78.0
251	80.0
251	260.0
251	261.0
251	611.0
251	509.0
251	510.0
251	81.0
251	612.0
251	511.0
251	83.0
251	264.0
251	512.0
251	265.0
251	84.0
251	85.0
251	266.0
251	86.0
251	267.0
251	513.0
251	945.0
252	253.0
252	262.0
252	260.0
252	261.0
252	73.0
252	254.0
252	257.0
252	76.0
252	258.0
252	78.0
252	264.0
252	266.0
252	267.0
252	265.0
253	259.0
253	78.0
253	264.0
253	267.0
253	258.0
253	254.0
253	76.0
254	382.0
254	812.0
254	840.0
254	1354.0
254	267.0
254	264.0
254	1235.0
254	389.0
254	173.0
254	822.0
254	1353.0
254	116.0
254	258.0
254	384.0
254	807.0
254	1212.0
255	261.0
255	510.0
255	81.0
255	612.0
255	511.0
255	512.0
255	265.0
255	85.0
255	614.0
255	266.0
255	267.0
255	513.0
255	611.0
255	257.0
255	608.0
255	76.0
255	609.0
255	508.0
255	259.0
255	610.0
255	78.0
255	260.0
256	265.0
256	78.0
256	76.0
256	257.0
256	267.0
257	85.0
257	265.0
257	264.0
257	83.0
257	511.0
257	81.0
257	510.0
257	509.0
257	261.0
257	260.0
257	78.0
257	508.0
257	258.0
257	76.0
257	267.0
257	266.0
258	265.0
258	264.0
258	262.0
258	261.0
258	260.0
258	78.0
258	266.0
258	267.0
259	263.0
259	78.0
259	261.0
259	267.0
259	265.0
259	264.0
260	82.0
260	612.0
260	81.0
260	510.0
260	611.0
260	265.0
260	261.0
260	84.0
260	85.0
260	266.0
260	267.0
260	513.0
260	264.0
260	512.0
260	83.0
260	511.0
261	513.0
261	266.0
261	614.0
261	85.0
261	613.0
261	265.0
261	267.0
261	512.0
261	264.0
261	83.0
261	511.0
261	612.0
261	81.0
261	510.0
261	611.0
263	266.0
263	264.0
263	267.0
264	266.0
264	267.0
264	265.0
265	266.0
265	85.0
265	267.0
266	267.0
266	86.0
267	513.0
268	309.0
268	310.0
268	311.0
268	269.0
268	200.0
268	277.0
268	278.0
268	279.0
268	280.0
268	111.0
268	281.0
268	282.0
268	283.0
268	284.0
268	285.0
268	286.0
268	287.0
268	288.0
268	170.0
268	289.0
268	290.0
268	291.0
268	292.0
268	293.0
268	115.0
268	294.0
268	117.0
268	295.0
268	296.0
268	297.0
268	298.0
268	299.0
268	300.0
268	301.0
268	174.0
268	302.0
268	303.0
268	175.0
268	102.0
268	193.0
268	270.0
268	271.0
268	272.0
268	273.0
268	105.0
268	274.0
268	275.0
268	276.0
268	304.0
268	305.0
268	121.0
268	306.0
268	307.0
268	308.0
268	122.0
268	176.0
269	270.0
269	285.0
269	274.0
269	287.0
269	288.0
269	170.0
269	434.0
269	275.0
269	289.0
269	435.0
269	291.0
269	200.0
269	176.0
269	122.0
269	308.0
269	307.0
269	306.0
269	305.0
269	304.0
269	293.0
269	436.0
269	115.0
269	294.0
269	295.0
269	298.0
269	300.0
269	301.0
269	303.0
269	302.0
269	174.0
269	102.0
269	273.0
269	277.0
269	105.0
269	278.0
269	279.0
269	280.0
269	111.0
269	281.0
269	282.0
269	283.0
269	284.0
269	271.0
270	434.0
270	170.0
270	288.0
270	287.0
270	286.0
270	285.0
270	112.0
270	284.0
270	283.0
270	282.0
270	111.0
270	280.0
270	279.0
270	278.0
270	107.0
270	379.0
270	276.0
270	275.0
270	274.0
270	105.0
270	273.0
270	272.0
270	271.0
270	122.0
270	176.0
270	309.0
270	310.0
270	494.0
270	696.0
270	697.0
270	296.0
270	295.0
270	294.0
270	115.0
270	293.0
270	292.0
270	386.0
270	113.0
270	303.0
270	308.0
270	307.0
270	302.0
270	174.0
270	301.0
270	300.0
270	299.0
270	298.0
270	306.0
270	121.0
270	305.0
270	304.0
270	175.0
270	385.0
270	291.0
270	290.0
270	289.0
271	273.0
271	105.0
271	291.0
271	290.0
271	289.0
271	170.0
271	288.0
271	302.0
271	301.0
271	300.0
271	298.0
271	308.0
271	121.0
271	305.0
271	304.0
271	175.0
271	303.0
271	274.0
271	275.0
271	107.0
271	278.0
271	279.0
271	280.0
271	111.0
271	281.0
271	282.0
271	283.0
271	285.0
271	286.0
271	287.0
271	122.0
271	294.0
271	115.0
271	293.0
271	272.0
272	290.0
272	287.0
272	288.0
272	170.0
272	289.0
272	383.0
272	867.0
272	122.0
272	308.0
272	306.0
272	121.0
272	223.0
272	305.0
272	304.0
272	175.0
272	303.0
272	866.0
272	302.0
272	174.0
272	301.0
272	300.0
272	387.0
272	298.0
272	176.0
272	499.0
272	868.0
272	309.0
272	310.0
272	869.0
272	311.0
272	297.0
272	296.0
272	104.0
272	273.0
272	105.0
272	274.0
272	275.0
272	198.0
272	379.0
272	200.0
272	277.0
272	107.0
272	278.0
272	295.0
272	117.0
272	294.0
272	115.0
272	865.0
272	496.0
272	279.0
272	280.0
272	114.0
272	293.0
272	292.0
272	111.0
272	283.0
272	284.0
272	113.0
272	385.0
272	291.0
272	112.0
272	285.0
272	286.0
272	381.0
273	288.0
273	950.0
273	281.0
273	111.0
273	280.0
273	828.0
273	279.0
273	278.0
273	107.0
273	277.0
273	285.0
273	112.0
273	283.0
273	765.0
273	200.0
273	276.0
273	275.0
273	274.0
273	105.0
273	282.0
273	287.0
273	309.0
273	226.0
273	643.0
273	175.0
273	303.0
273	302.0
273	174.0
273	301.0
273	218.0
273	387.0
273	298.0
273	296.0
273	295.0
273	117.0
273	294.0
273	115.0
273	114.0
273	293.0
273	292.0
273	113.0
273	291.0
273	289.0
273	170.0
273	381.0
273	304.0
273	305.0
273	830.0
273	306.0
273	307.0
273	697.0
273	311.0
273	494.0
273	124.0
273	391.0
273	310.0
273	308.0
273	122.0
273	176.0
273	868.0
274	121.0
274	305.0
274	283.0
274	175.0
274	304.0
274	298.0
274	296.0
274	301.0
274	295.0
274	300.0
274	115.0
274	114.0
274	280.0
274	989.0
274	279.0
274	176.0
274	293.0
274	292.0
274	386.0
274	174.0
274	499.0
274	500.0
274	122.0
274	278.0
274	286.0
274	381.0
274	107.0
274	823.0
274	277.0
274	110.0
274	990.0
274	111.0
274	281.0
274	284.0
274	112.0
274	285.0
274	380.0
274	307.0
274	387.0
274	308.0
274	200.0
274	287.0
274	991.0
274	288.0
274	170.0
274	434.0
274	289.0
274	303.0
274	383.0
274	290.0
274	384.0
274	291.0
274	385.0
274	113.0
274	275.0
274	306.0
274	117.0
274	866.0
274	302.0
274	294.0
274	116.0
274	311.0
274	391.0
275	309.0
275	307.0
275	176.0
275	305.0
275	122.0
275	304.0
275	299.0
275	1022.0
275	175.0
275	292.0
275	866.0
275	308.0
275	293.0
275	115.0
275	170.0
275	301.0
275	300.0
275	288.0
275	287.0
275	381.0
275	285.0
275	112.0
275	277.0
275	278.0
275	279.0
275	280.0
275	111.0
275	281.0
275	282.0
275	283.0
275	284.0
275	294.0
275	117.0
275	302.0
275	311.0
275	298.0
275	296.0
275	1021.0
275	174.0
275	200.0
275	494.0
275	303.0
275	276.0
275	434.0
275	289.0
275	869.0
275	310.0
275	290.0
275	291.0
275	113.0
275	385.0
275	867.0
276	294.0
276	116.0
276	115.0
276	293.0
276	292.0
276	113.0
276	385.0
276	304.0
276	644.0
276	389.0
276	121.0
276	306.0
276	175.0
276	645.0
276	493.0
276	308.0
276	122.0
276	303.0
276	302.0
276	174.0
276	176.0
276	310.0
276	124.0
276	494.0
276	288.0
276	379.0
276	277.0
276	170.0
276	290.0
276	287.0
276	107.0
276	381.0
276	285.0
276	111.0
276	110.0
276	280.0
276	109.0
276	301.0
276	300.0
276	387.0
276	279.0
276	278.0
276	295.0
276	117.0
276	490.0
277	305.0
277	304.0
277	289.0
277	278.0
277	285.0
277	281.0
277	302.0
277	174.0
277	279.0
277	295.0
277	111.0
277	296.0
277	176.0
277	170.0
277	112.0
277	311.0
277	301.0
277	300.0
277	298.0
277	280.0
277	387.0
277	1189.0
277	288.0
277	291.0
277	175.0
277	283.0
277	494.0
277	391.0
277	868.0
277	309.0
277	113.0
277	308.0
277	386.0
277	292.0
277	293.0
277	114.0
277	115.0
277	294.0
277	117.0
277	107.0
277	303.0
277	122.0
277	306.0
277	381.0
278	381.0
278	279.0
278	496.0
278	291.0
278	176.0
278	865.0
278	868.0
278	309.0
278	310.0
278	115.0
278	124.0
278	494.0
278	116.0
278	294.0
278	117.0
278	295.0
278	311.0
278	296.0
278	302.0
278	866.0
278	303.0
278	175.0
278	304.0
278	385.0
278	113.0
278	293.0
278	297.0
278	386.0
278	292.0
278	699.0
278	289.0
278	290.0
278	284.0
278	112.0
278	285.0
278	298.0
278	305.0
278	223.0
278	121.0
278	306.0
278	867.0
278	307.0
278	308.0
278	299.0
278	218.0
278	300.0
278	434.0
278	174.0
278	301.0
278	114.0
278	283.0
278	282.0
278	281.0
278	111.0
278	990.0
278	110.0
278	122.0
278	280.0
278	170.0
278	288.0
278	1206.0
278	287.0
279	116.0
279	115.0
279	114.0
279	300.0
279	295.0
279	1021.0
279	293.0
279	299.0
279	298.0
279	121.0
279	383.0
279	281.0
279	830.0
279	289.0
279	170.0
279	280.0
279	282.0
279	283.0
279	284.0
279	292.0
279	297.0
279	305.0
279	304.0
279	644.0
279	112.0
279	117.0
279	285.0
279	113.0
279	385.0
279	386.0
279	288.0
279	491.0
279	309.0
279	310.0
279	406.0
279	381.0
279	389.0
279	175.0
279	303.0
279	866.0
279	287.0
279	291.0
279	296.0
279	302.0
279	174.0
279	124.0
279	647.0
279	494.0
279	311.0
279	290.0
279	111.0
279	176.0
279	122.0
279	308.0
279	492.0
279	109.0
279	828.0
279	307.0
279	306.0
279	490.0
279	301.0
279	294.0
280	287.0
280	170.0
280	434.0
280	289.0
280	290.0
280	291.0
280	385.0
280	113.0
280	386.0
280	292.0
280	293.0
280	114.0
280	115.0
280	116.0
280	294.0
280	117.0
280	295.0
280	296.0
280	297.0
280	298.0
280	387.0
280	300.0
280	301.0
280	174.0
280	302.0
280	866.0
280	303.0
280	175.0
280	304.0
280	305.0
280	121.0
280	306.0
280	307.0
280	308.0
280	122.0
280	176.0
280	868.0
280	309.0
280	310.0
280	124.0
280	311.0
280	288.0
280	110.0
280	111.0
280	281.0
280	282.0
280	283.0
280	112.0
280	285.0
280	381.0
281	303.0
281	305.0
281	170.0
281	301.0
281	434.0
281	298.0
281	295.0
281	175.0
281	308.0
281	282.0
281	284.0
281	307.0
281	285.0
281	1327.0
281	288.0
281	293.0
281	1328.0
282	291.0
282	306.0
282	305.0
282	175.0
282	308.0
282	307.0
282	293.0
282	301.0
282	303.0
282	302.0
282	435.0
282	289.0
282	288.0
282	285.0
282	174.0
282	298.0
282	867.0
283	301.0
283	296.0
283	292.0
283	297.0
283	298.0
283	284.0
283	112.0
283	288.0
283	170.0
283	830.0
283	304.0
283	899.0
283	218.0
283	300.0
283	950.0
283	291.0
283	289.0
283	285.0
283	385.0
283	113.0
283	386.0
283	293.0
283	114.0
283	115.0
283	294.0
283	643.0
283	175.0
283	303.0
283	866.0
283	302.0
283	174.0
283	290.0
283	640.0
283	553.0
283	381.0
283	287.0
283	991.0
283	117.0
283	295.0
283	223.0
283	492.0
283	308.0
283	122.0
283	176.0
283	499.0
283	406.0
283	494.0
283	311.0
283	902.0
284	175.0
284	303.0
284	288.0
284	302.0
284	174.0
284	300.0
284	1113.0
284	296.0
284	294.0
284	291.0
284	699.0
284	293.0
284	112.0
284	285.0
284	170.0
284	434.0
284	290.0
284	115.0
284	311.0
284	122.0
284	308.0
284	304.0
285	302.0
285	866.0
285	303.0
285	175.0
285	304.0
285	305.0
285	830.0
285	121.0
285	306.0
285	867.0
285	307.0
285	308.0
285	122.0
285	176.0
285	309.0
285	226.0
285	310.0
285	406.0
285	124.0
285	494.0
285	311.0
285	298.0
285	296.0
285	295.0
285	117.0
285	490.0
285	294.0
285	829.0
285	116.0
285	115.0
285	114.0
285	293.0
285	292.0
285	386.0
285	113.0
285	385.0
285	291.0
285	640.0
285	553.0
285	290.0
285	383.0
285	289.0
285	434.0
285	170.0
285	288.0
285	287.0
285	381.0
285	286.0
285	300.0
285	1021.0
285	1113.0
285	387.0
285	899.0
285	301.0
285	174.0
285	1340.0
286	170.0
286	289.0
286	293.0
286	115.0
286	294.0
286	300.0
286	302.0
286	175.0
286	121.0
286	122.0
286	307.0
287	305.0
287	304.0
287	389.0
287	175.0
287	303.0
287	302.0
287	174.0
287	288.0
287	170.0
287	289.0
287	383.0
287	290.0
287	291.0
287	113.0
287	292.0
287	293.0
287	114.0
287	115.0
287	896.0
287	294.0
287	117.0
287	295.0
287	387.0
287	1021.0
287	301.0
287	902.0
287	311.0
287	124.0
287	391.0
287	406.0
287	176.0
287	122.0
287	308.0
287	307.0
287	121.0
288	308.0
288	122.0
288	176.0
288	311.0
288	868.0
288	309.0
288	310.0
288	494.0
288	301.0
288	174.0
288	302.0
288	866.0
288	303.0
288	175.0
288	304.0
288	305.0
288	170.0
288	289.0
288	290.0
288	291.0
288	121.0
288	306.0
288	867.0
288	307.0
288	385.0
288	113.0
288	386.0
288	292.0
288	293.0
288	114.0
288	115.0
288	294.0
288	117.0
288	295.0
288	296.0
288	298.0
288	387.0
288	299.0
288	300.0
289	293.0
289	292.0
289	386.0
289	113.0
289	385.0
289	291.0
289	290.0
289	311.0
289	494.0
289	124.0
289	310.0
289	309.0
289	176.0
289	122.0
289	308.0
289	307.0
289	121.0
289	304.0
289	175.0
289	303.0
289	866.0
289	302.0
289	174.0
289	301.0
289	300.0
289	387.0
289	298.0
289	296.0
289	117.0
289	294.0
289	115.0
289	114.0
290	295.0
290	136.0
290	294.0
290	116.0
290	115.0
290	114.0
290	293.0
290	292.0
290	113.0
290	385.0
290	291.0
290	117.0
290	494.0
290	124.0
290	310.0
290	309.0
290	1418.0
290	176.0
290	122.0
290	308.0
290	121.0
290	304.0
290	175.0
290	303.0
290	866.0
290	302.0
290	174.0
290	301.0
290	300.0
290	296.0
291	292.0
291	296.0
291	294.0
291	306.0
291	114.0
291	303.0
291	298.0
291	115.0
291	305.0
291	302.0
291	174.0
291	293.0
291	301.0
291	300.0
291	1021.0
291	867.0
291	307.0
291	308.0
291	122.0
291	175.0
291	304.0
292	300.0
292	301.0
292	1088.0
292	174.0
292	302.0
292	866.0
292	303.0
292	175.0
292	389.0
292	304.0
292	305.0
292	223.0
292	121.0
292	306.0
292	645.0
292	492.0
292	493.0
292	308.0
292	122.0
292	176.0
292	499.0
292	941.0
292	309.0
292	391.0
292	869.0
292	124.0
292	311.0
292	293.0
292	114.0
292	115.0
292	116.0
292	294.0
292	117.0
292	295.0
292	296.0
292	216.0
292	387.0
293	124.0
293	309.0
293	868.0
293	499.0
293	176.0
293	122.0
293	308.0
293	307.0
293	867.0
293	306.0
293	121.0
293	305.0
293	304.0
293	175.0
293	303.0
293	866.0
293	302.0
293	174.0
293	301.0
293	300.0
293	387.0
293	298.0
293	297.0
293	296.0
293	295.0
293	117.0
293	294.0
293	115.0
293	114.0
293	310.0
293	311.0
293	494.0
294	305.0
294	304.0
294	175.0
294	303.0
294	866.0
294	302.0
294	306.0
294	121.0
294	124.0
294	309.0
294	311.0
294	494.0
294	1267.0
294	174.0
294	223.0
294	301.0
294	300.0
294	1021.0
294	117.0
294	176.0
294	122.0
294	308.0
294	307.0
294	867.0
294	869.0
294	387.0
294	298.0
294	296.0
294	295.0
295	301.0
295	174.0
295	302.0
295	303.0
295	222.0
295	389.0
295	643.0
295	304.0
295	305.0
295	223.0
295	121.0
295	306.0
295	307.0
295	645.0
295	492.0
295	493.0
295	308.0
295	122.0
295	176.0
295	499.0
295	941.0
295	1418.0
295	406.0
295	124.0
295	175.0
295	391.0
295	309.0
295	296.0
295	494.0
295	310.0
295	1530.0
295	298.0
295	387.0
295	172.0
296	124.0
296	223.0
296	121.0
296	306.0
296	308.0
296	122.0
296	176.0
296	868.0
296	491.0
296	305.0
296	304.0
296	175.0
296	303.0
296	866.0
296	302.0
296	174.0
296	301.0
296	300.0
296	387.0
296	298.0
296	1099.0
296	297.0
296	309.0
296	310.0
296	494.0
296	311.0
297	301.0
297	175.0
297	304.0
297	491.0
297	308.0
297	122.0
297	176.0
297	174.0
297	302.0
297	311.0
297	309.0
297	124.0
298	300.0
298	307.0
298	303.0
298	175.0
298	304.0
298	305.0
298	121.0
298	867.0
298	1189.0
298	308.0
298	122.0
298	302.0
298	174.0
298	301.0
299	303.0
300	124.0
300	494.0
300	301.0
300	174.0
300	302.0
300	303.0
300	175.0
300	304.0
300	305.0
300	121.0
300	306.0
300	307.0
300	308.0
300	122.0
300	176.0
300	309.0
300	310.0
301	304.0
301	303.0
301	305.0
301	175.0
301	389.0
301	176.0
301	302.0
301	139.0
301	309.0
301	311.0
301	494.0
301	124.0
301	391.0
301	122.0
301	308.0
301	645.0
301	307.0
301	174.0
301	306.0
301	121.0
301	223.0
301	310.0
301	866.0
302	310.0
302	406.0
302	869.0
302	124.0
302	494.0
302	311.0
302	644.0
302	389.0
302	643.0
302	304.0
302	305.0
302	491.0
302	121.0
302	306.0
302	868.0
302	307.0
302	645.0
302	493.0
302	308.0
302	122.0
302	176.0
302	499.0
302	866.0
302	303.0
302	175.0
302	309.0
303	304.0
303	175.0
303	867.0
303	308.0
303	122.0
303	176.0
303	309.0
303	121.0
303	307.0
303	306.0
303	124.0
303	494.0
303	223.0
303	305.0
304	307.0
304	176.0
304	305.0
304	121.0
304	306.0
304	308.0
304	493.0
304	122.0
304	124.0
304	311.0
304	494.0
304	1077.0
304	869.0
304	310.0
304	309.0
304	499.0
304	1189.0
305	308.0
305	307.0
305	306.0
305	121.0
305	309.0
305	1494.0
305	310.0
305	697.0
305	176.0
305	122.0
306	176.0
306	499.0
306	941.0
306	309.0
306	310.0
306	311.0
306	391.0
306	493.0
306	308.0
306	122.0
307	122.0
307	176.0
307	308.0
307	310.0
308	309.0
308	227.0
308	310.0
308	406.0
308	391.0
308	869.0
308	124.0
308	647.0
308	494.0
308	311.0
308	902.0
308	697.0
308	122.0
308	176.0
308	941.0
309	494.0
309	310.0
309	124.0
310	124.0
311	902.0
312	314.0
312	313.0
312	315.0
313	314.0
313	315.0
314	315.0
316	317.0
318	329.0
318	334.0
318	335.0
318	340.0
318	339.0
318	338.0
318	330.0
318	331.0
318	332.0
318	333.0
318	337.0
318	320.0
318	321.0
318	336.0
318	319.0
318	322.0
318	323.0
318	324.0
318	325.0
318	326.0
318	327.0
318	328.0
319	324.0
319	325.0
319	615.0
319	326.0
319	327.0
319	616.0
319	328.0
319	329.0
319	330.0
319	331.0
319	333.0
319	334.0
319	335.0
319	336.0
319	337.0
319	338.0
319	340.0
319	322.0
319	321.0
319	320.0
319	323.0
320	325.0
320	326.0
320	327.0
320	616.0
320	328.0
320	329.0
320	330.0
320	331.0
320	332.0
320	333.0
320	334.0
320	335.0
320	336.0
320	337.0
320	885.0
320	338.0
320	340.0
320	323.0
320	322.0
320	321.0
320	324.0
321	336.0
321	335.0
321	334.0
321	333.0
321	332.0
321	331.0
321	330.0
321	329.0
321	328.0
321	327.0
321	326.0
321	615.0
321	325.0
321	324.0
321	323.0
321	322.0
321	340.0
321	338.0
321	337.0
322	335.0
322	336.0
322	337.0
322	338.0
322	340.0
322	323.0
322	324.0
322	325.0
322	615.0
322	326.0
322	327.0
322	616.0
322	328.0
322	329.0
322	330.0
322	331.0
322	333.0
322	332.0
322	334.0
323	326.0
323	327.0
323	340.0
323	339.0
323	338.0
323	337.0
323	336.0
323	335.0
323	334.0
323	333.0
323	332.0
323	331.0
323	330.0
323	329.0
323	328.0
323	616.0
323	324.0
323	325.0
323	615.0
324	329.0
324	328.0
324	616.0
324	327.0
324	326.0
324	615.0
324	340.0
324	325.0
324	338.0
324	885.0
324	337.0
324	336.0
324	335.0
324	334.0
324	333.0
324	332.0
324	331.0
324	330.0
325	331.0
325	333.0
325	334.0
325	335.0
325	336.0
325	337.0
325	338.0
325	339.0
325	340.0
325	332.0
325	615.0
325	326.0
325	327.0
325	616.0
325	328.0
325	329.0
325	330.0
326	335.0
326	333.0
326	331.0
326	330.0
326	329.0
326	328.0
326	327.0
326	334.0
326	340.0
326	339.0
326	338.0
326	337.0
327	333.0
327	332.0
327	331.0
327	330.0
327	329.0
327	328.0
327	338.0
327	337.0
327	336.0
327	334.0
328	331.0
328	333.0
328	334.0
328	335.0
328	336.0
328	337.0
328	338.0
328	340.0
328	332.0
328	329.0
328	330.0
329	330.0
329	336.0
329	338.0
329	337.0
329	335.0
329	334.0
329	333.0
329	332.0
329	331.0
330	335.0
330	336.0
330	337.0
330	338.0
330	333.0
330	331.0
330	332.0
330	334.0
331	335.0
331	336.0
331	337.0
331	338.0
331	340.0
331	332.0
331	333.0
331	334.0
332	334.0
332	338.0
332	337.0
332	336.0
332	335.0
332	333.0
333	335.0
333	337.0
333	338.0
333	339.0
333	340.0
333	336.0
333	334.0
334	885.0
334	337.0
334	336.0
334	338.0
334	335.0
335	336.0
335	340.0
335	339.0
335	338.0
335	337.0
336	337.0
336	338.0
337	338.0
337	339.0
337	340.0
337	499.0
338	340.0
338	339.0
341	347.0
341	348.0
341	355.0
341	354.0
341	353.0
341	343.0
341	342.0
341	349.0
341	350.0
341	351.0
341	344.0
341	356.0
341	352.0
341	345.0
341	346.0
342	345.0
342	346.0
342	850.0
342	356.0
342	937.0
342	347.0
342	348.0
342	349.0
342	350.0
342	351.0
342	352.0
342	353.0
342	354.0
342	355.0
342	343.0
342	344.0
343	936.0
343	937.0
343	849.0
343	928.0
343	850.0
343	929.0
343	930.0
343	931.0
343	851.0
343	932.0
343	933.0
343	852.0
343	853.0
343	934.0
343	352.0
343	353.0
343	935.0
343	854.0
344	346.0
344	345.0
344	356.0
344	355.0
344	354.0
344	353.0
344	352.0
344	351.0
344	350.0
344	349.0
344	348.0
344	347.0
345	351.0
345	350.0
345	349.0
345	348.0
345	347.0
345	346.0
345	1306.0
345	356.0
345	355.0
345	353.0
345	352.0
346	349.0
346	350.0
346	351.0
346	352.0
346	353.0
346	354.0
346	347.0
346	355.0
346	356.0
346	348.0
347	351.0
347	352.0
347	353.0
347	354.0
347	355.0
347	356.0
347	348.0
347	349.0
347	350.0
348	356.0
348	352.0
348	351.0
348	349.0
348	350.0
348	353.0
348	354.0
348	355.0
349	355.0
349	354.0
349	353.0
349	352.0
349	351.0
349	350.0
349	356.0
350	353.0
350	351.0
350	355.0
350	356.0
350	352.0
350	354.0
351	354.0
351	353.0
351	352.0
351	356.0
351	355.0
352	936.0
352	353.0
352	935.0
352	354.0
352	854.0
352	355.0
352	356.0
352	937.0
353	354.0
353	356.0
353	355.0
354	356.0
354	355.0
355	356.0
357	358.0
359	360.0
359	361.0
359	362.0
360	361.0
360	362.0
361	362.0
361	686.0
361	675.0
361	677.0
361	680.0
363	364.0
365	366.0
367	368.0
368	1090.0
369	370.0
370	691.0
370	1013.0
371	372.0
373	375.0
373	374.0
374	375.0
374	1194.0
375	1194.0
376	806.0
376	110.0
376	805.0
376	804.0
376	803.0
376	380.0
376	254.0
376	807.0
376	384.0
376	808.0
376	385.0
376	116.0
376	811.0
376	812.0
376	117.0
376	500.0
376	172.0
376	809.0
376	612.0
376	810.0
376	200.0
376	379.0
376	802.0
376	104.0
376	377.0
376	499.0
377	384.0
377	822.0
377	176.0
377	114.0
377	812.0
377	612.0
377	389.0
377	274.0
377	104.0
377	116.0
377	823.0
377	806.0
377	380.0
377	391.0
377	173.0
377	254.0
377	807.0
378	698.0
378	116.0
378	386.0
378	200.0
378	278.0
378	280.0
378	749.0
378	701.0
378	176.0
378	226.0
378	750.0
378	230.0
378	110.0
378	382.0
379	207.0
379	170.0
379	382.0
379	112.0
379	283.0
379	111.0
379	110.0
379	200.0
379	279.0
379	280.0
379	1077.0
379	124.0
379	391.0
379	310.0
379	500.0
379	123.0
379	309.0
379	499.0
379	176.0
379	122.0
379	390.0
379	121.0
379	223.0
379	304.0
379	120.0
379	389.0
379	174.0
379	173.0
379	300.0
379	297.0
379	296.0
379	295.0
379	117.0
379	116.0
379	115.0
379	114.0
379	386.0
379	113.0
379	385.0
380	78.0
380	86.0
380	391.0
380	116.0
380	114.0
380	942.0
380	176.0
380	122.0
380	76.0
380	1344.0
380	223.0
380	221.0
380	509.0
380	216.0
380	80.0
380	1343.0
380	254.0
380	74.0
380	84.0
380	79.0
381	173.0
381	287.0
381	311.0
381	226.0
381	309.0
381	499.0
381	176.0
381	122.0
381	308.0
381	492.0
381	306.0
381	121.0
381	223.0
381	304.0
381	643.0
381	389.0
381	175.0
381	222.0
381	303.0
381	302.0
381	174.0
381	301.0
381	494.0
381	647.0
381	124.0
381	869.0
381	391.0
381	406.0
381	300.0
381	387.0
381	298.0
381	954.0
381	296.0
381	295.0
381	117.0
381	294.0
381	115.0
381	114.0
381	293.0
381	292.0
381	113.0
381	385.0
381	291.0
381	640.0
381	290.0
381	289.0
381	170.0
381	288.0
382	122.0
382	389.0
382	701.0
383	114.0
383	1371.0
383	176.0
383	307.0
383	121.0
383	175.0
383	823.0
383	302.0
383	387.0
383	294.0
383	115.0
384	117.0
384	612.0
384	812.0
384	116.0
384	309.0
384	176.0
384	114.0
384	391.0
384	115.0
385	223.0
385	304.0
385	389.0
385	175.0
385	303.0
385	866.0
385	302.0
385	174.0
385	301.0
385	300.0
385	172.0
385	216.0
385	822.0
385	296.0
385	295.0
385	117.0
385	294.0
385	116.0
385	115.0
385	865.0
385	114.0
385	293.0
385	940.0
385	292.0
385	386.0
385	113.0
385	171.0
385	696.0
385	311.0
385	124.0
385	310.0
385	226.0
385	309.0
385	176.0
385	122.0
385	308.0
385	645.0
385	224.0
385	306.0
385	121.0
386	223.0
386	304.0
386	175.0
386	302.0
386	174.0
386	1088.0
386	1267.0
386	218.0
386	295.0
386	117.0
386	294.0
386	116.0
386	115.0
386	211.0
386	865.0
386	114.0
386	293.0
386	292.0
386	124.0
386	310.0
386	500.0
386	309.0
386	499.0
386	176.0
386	122.0
386	308.0
386	121.0
387	311.0
387	494.0
387	310.0
387	308.0
387	1189.0
387	306.0
387	121.0
387	223.0
387	304.0
387	175.0
387	303.0
387	302.0
387	174.0
387	301.0
387	300.0
388	1004.0
388	176.0
389	309.0
389	227.0
389	406.0
389	391.0
389	124.0
389	647.0
389	494.0
389	492.0
389	645.0
389	390.0
389	223.0
389	941.0
389	304.0
389	644.0
389	643.0
389	226.0
389	902.0
389	830.0
389	176.0
389	122.0
389	308.0
389	493.0
389	646.0
389	1418.0
390	226.0
391	902.0
391	311.0
391	647.0
391	124.0
391	1077.0
392	78.0
392	255.0
392	267.0
392	265.0
392	261.0
392	73.0
392	251.0
392	245.0
392	76.0
393	394.0
395	397.0
395	396.0
395	401.0
395	400.0
395	399.0
395	398.0
396	400.0
396	401.0
396	397.0
396	398.0
396	1094.0
396	399.0
397	398.0
397	1094.0
397	399.0
397	400.0
397	401.0
398	399.0
398	1094.0
398	401.0
398	400.0
399	400.0
399	401.0
400	401.0
402	405.0
402	404.0
402	389.0
402	403.0
402	406.0
402	407.0
403	407.0
403	404.0
405	227.0
405	391.0
405	646.0
405	941.0
405	122.0
405	308.0
405	492.0
405	830.0
405	644.0
405	643.0
405	647.0
405	902.0
405	389.0
405	642.0
405	954.0
405	953.0
405	952.0
405	641.0
405	829.0
405	896.0
405	895.0
405	951.0
405	640.0
405	950.0
405	406.0
406	902.0
406	647.0
406	311.0
406	391.0
406	1077.0
406	124.0
408	414.0
408	433.0
408	432.0
408	431.0
408	430.0
408	429.0
408	428.0
408	427.0
408	426.0
408	425.0
408	424.0
408	423.0
408	422.0
408	421.0
408	420.0
408	419.0
408	418.0
408	417.0
408	415.0
408	409.0
408	410.0
408	411.0
408	416.0
408	412.0
408	413.0
409	413.0
409	415.0
409	416.0
409	417.0
409	418.0
409	419.0
409	420.0
409	421.0
409	422.0
409	429.0
409	430.0
409	431.0
409	499.0
409	433.0
409	432.0
409	414.0
409	650.0
409	428.0
409	652.0
409	427.0
409	426.0
409	410.0
409	412.0
409	425.0
409	651.0
409	424.0
409	423.0
410	417.0
410	416.0
410	415.0
410	651.0
410	424.0
410	423.0
410	422.0
410	421.0
410	420.0
410	414.0
410	413.0
410	433.0
410	432.0
410	431.0
410	430.0
410	429.0
410	428.0
410	419.0
410	427.0
410	426.0
410	425.0
410	418.0
411	422.0
411	424.0
411	414.0
411	429.0
412	418.0
412	421.0
412	422.0
412	423.0
412	424.0
412	425.0
412	427.0
412	428.0
412	429.0
412	433.0
412	414.0
412	415.0
412	413.0
412	416.0
412	417.0
413	425.0
413	427.0
413	428.0
413	429.0
413	430.0
413	431.0
413	499.0
413	432.0
413	433.0
413	426.0
413	416.0
413	415.0
413	414.0
413	650.0
413	417.0
413	418.0
413	419.0
413	420.0
413	421.0
413	422.0
413	423.0
413	424.0
414	415.0
414	431.0
414	432.0
414	433.0
414	426.0
414	422.0
414	425.0
414	424.0
414	423.0
414	421.0
414	420.0
414	427.0
414	652.0
414	428.0
414	429.0
414	430.0
414	419.0
414	418.0
414	417.0
414	416.0
415	432.0
415	433.0
415	418.0
415	417.0
415	416.0
415	419.0
415	420.0
415	421.0
415	422.0
415	423.0
415	424.0
415	425.0
415	426.0
415	427.0
415	428.0
415	429.0
415	430.0
415	431.0
416	430.0
416	432.0
416	433.0
416	422.0
416	421.0
416	431.0
416	420.0
416	419.0
416	418.0
416	417.0
416	423.0
416	424.0
416	425.0
416	426.0
416	427.0
416	428.0
416	429.0
417	425.0
417	432.0
417	433.0
417	424.0
417	499.0
417	651.0
417	427.0
417	431.0
417	429.0
417	430.0
417	423.0
417	422.0
417	421.0
417	420.0
417	419.0
417	418.0
417	428.0
417	426.0
418	428.0
418	429.0
418	432.0
418	424.0
418	430.0
418	431.0
418	651.0
418	425.0
418	426.0
418	427.0
418	422.0
418	433.0
418	421.0
418	419.0
418	420.0
418	423.0
419	433.0
419	423.0
419	422.0
419	426.0
419	421.0
419	427.0
419	428.0
419	431.0
419	424.0
419	425.0
419	1381.0
419	429.0
419	432.0
420	425.0
420	651.0
420	424.0
420	421.0
420	422.0
420	426.0
420	423.0
420	430.0
420	429.0
420	428.0
420	427.0
420	431.0
420	433.0
421	432.0
421	422.0
421	423.0
421	424.0
421	425.0
421	426.0
421	427.0
421	499.0
421	431.0
421	429.0
421	430.0
421	428.0
421	433.0
422	430.0
422	427.0
422	652.0
422	425.0
422	428.0
422	424.0
422	429.0
422	423.0
422	426.0
422	433.0
422	432.0
422	431.0
423	431.0
423	430.0
423	652.0
423	425.0
423	433.0
423	432.0
423	499.0
423	424.0
423	426.0
423	428.0
423	429.0
423	427.0
424	425.0
424	429.0
424	430.0
424	433.0
424	428.0
424	431.0
424	427.0
424	426.0
424	432.0
424	652.0
425	428.0
425	427.0
425	426.0
425	430.0
425	429.0
425	433.0
425	499.0
425	431.0
425	432.0
426	429.0
426	431.0
426	432.0
426	433.0
426	428.0
426	427.0
427	428.0
427	429.0
427	430.0
427	433.0
427	431.0
428	433.0
428	429.0
428	431.0
428	432.0
429	431.0
429	499.0
429	430.0
429	433.0
429	432.0
430	431.0
430	433.0
431	433.0
431	432.0
432	433.0
434	300.0
434	298.0
434	293.0
434	302.0
434	303.0
434	307.0
434	308.0
435	298.0
435	291.0
437	452.0
437	456.0
437	458.0
437	453.0
437	455.0
437	451.0
437	454.0
437	450.0
437	445.0
437	446.0
437	447.0
437	448.0
437	449.0
437	457.0
437	438.0
437	439.0
437	440.0
437	441.0
437	442.0
437	443.0
437	444.0
438	444.0
438	447.0
438	448.0
438	449.0
438	543.0
438	450.0
438	439.0
438	451.0
438	702.0
438	440.0
438	441.0
438	703.0
438	442.0
438	443.0
438	452.0
438	445.0
438	446.0
438	453.0
438	454.0
438	455.0
438	456.0
438	457.0
438	458.0
439	456.0
439	457.0
439	458.0
439	702.0
439	440.0
439	441.0
439	703.0
439	536.0
439	442.0
439	443.0
439	444.0
439	445.0
439	446.0
439	447.0
439	448.0
439	449.0
439	450.0
439	451.0
439	452.0
439	453.0
439	454.0
439	455.0
440	443.0
440	444.0
440	445.0
440	446.0
440	447.0
440	448.0
440	449.0
440	450.0
440	451.0
440	452.0
440	453.0
440	454.0
440	455.0
440	457.0
440	458.0
440	441.0
440	703.0
440	442.0
441	447.0
441	446.0
441	445.0
441	444.0
441	451.0
441	443.0
441	442.0
441	703.0
441	452.0
441	453.0
441	454.0
441	455.0
441	456.0
441	457.0
441	458.0
441	450.0
441	449.0
441	448.0
442	445.0
442	447.0
442	448.0
442	449.0
442	450.0
442	451.0
442	452.0
442	453.0
442	454.0
442	455.0
442	456.0
442	457.0
442	458.0
442	446.0
442	443.0
442	444.0
443	543.0
443	451.0
443	452.0
443	453.0
443	454.0
443	450.0
443	458.0
443	457.0
443	456.0
443	455.0
443	444.0
443	445.0
443	446.0
443	447.0
443	448.0
443	449.0
444	451.0
444	448.0
444	449.0
444	447.0
444	445.0
444	458.0
444	457.0
444	456.0
444	455.0
444	454.0
444	453.0
444	452.0
445	457.0
445	447.0
445	446.0
445	458.0
445	448.0
445	449.0
445	543.0
445	450.0
445	908.0
445	451.0
445	452.0
445	453.0
445	454.0
445	455.0
445	456.0
446	452.0
446	453.0
446	454.0
446	455.0
446	456.0
446	458.0
446	457.0
446	447.0
446	448.0
446	449.0
446	450.0
446	451.0
447	458.0
447	448.0
447	449.0
447	543.0
447	450.0
447	451.0
447	452.0
447	453.0
447	454.0
447	455.0
447	456.0
447	457.0
448	457.0
448	449.0
448	543.0
448	450.0
448	451.0
448	452.0
448	453.0
448	454.0
448	455.0
448	456.0
448	458.0
449	456.0
449	455.0
449	454.0
449	453.0
449	452.0
449	451.0
449	450.0
449	543.0
449	458.0
449	457.0
450	458.0
450	451.0
450	452.0
450	453.0
450	454.0
450	455.0
450	456.0
450	457.0
451	454.0
451	456.0
451	457.0
451	458.0
451	452.0
451	455.0
451	453.0
452	454.0
452	456.0
452	457.0
452	455.0
452	453.0
452	458.0
453	458.0
453	456.0
453	457.0
453	454.0
453	455.0
454	457.0
454	455.0
454	456.0
454	458.0
455	458.0
455	456.0
455	457.0
456	458.0
456	457.0
457	458.0
459	461.0
459	460.0
460	461.0
462	463.0
464	465.0
466	467.0
468	745.0
468	859.0
468	797.0
468	190.0
468	741.0
468	746.0
468	793.0
468	863.0
468	473.0
468	860.0
468	861.0
468	743.0
468	862.0
468	471.0
468	744.0
469	1242.0
469	472.0
469	474.0
469	189.0
469	475.0
470	1242.0
470	1486.0
471	746.0
471	748.0
471	190.0
471	473.0
471	745.0
471	793.0
471	184.0
472	189.0
472	475.0
472	474.0
472	1242.0
473	190.0
473	797.0
473	793.0
473	863.0
473	746.0
474	475.0
476	479.0
476	480.0
476	477.0
476	478.0
477	478.0
479	480.0
481	485.0
481	484.0
481	483.0
481	96.0
481	482.0
482	1238.0
482	1237.0
482	96.0
482	1239.0
482	484.0
484	1006.0
484	1113.0
486	487.0
486	15.0
486	463.0
486	488.0
487	627.0
487	1054.0
487	623.0
487	625.0
487	626.0
487	463.0
487	1055.0
487	624.0
487	1053.0
488	1029.0
488	1099.0
488	1356.0
488	1355.0
488	1098.0
489	170.0
489	381.0
489	641.0
489	117.0
489	295.0
489	112.0
489	110.0
489	109.0
489	639.0
489	104.0
489	302.0
489	642.0
489	222.0
489	389.0
489	643.0
489	644.0
489	645.0
489	122.0
489	646.0
489	227.0
489	391.0
489	124.0
489	647.0
489	311.0
489	640.0
489	116.0
490	941.0
490	1418.0
490	406.0
490	391.0
490	902.0
490	124.0
490	641.0
490	117.0
490	953.0
490	295.0
490	954.0
490	389.0
490	643.0
490	644.0
490	830.0
490	901.0
490	492.0
490	308.0
490	122.0
490	176.0
491	122.0
491	308.0
492	391.0
492	406.0
492	227.0
492	226.0
492	309.0
492	646.0
492	941.0
492	122.0
492	308.0
492	647.0
492	124.0
493	124.0
493	308.0
493	122.0
493	941.0
493	869.0
494	1077.0
495	207.0
495	940.0
495	498.0
496	869.0
496	115.0
496	294.0
496	295.0
496	296.0
496	174.0
496	866.0
496	292.0
496	386.0
496	175.0
496	304.0
496	113.0
496	303.0
496	121.0
496	308.0
496	499.0
496	170.0
496	288.0
496	287.0
496	280.0
496	293.0
497	1131.0
497	119.0
497	1130.0
497	1253.0
497	1129.0
497	526.0
497	1128.0
497	120.0
497	528.0
497	125.0
499	311.0
499	433.0
499	310.0
499	125.0
499	500.0
499	123.0
501	502.0
501	503.0
502	503.0
504	265.0
504	256.0
504	251.0
504	250.0
504	247.0
504	257.0
504	267.0
505	72.0
505	70.0
505	247.0
505	506.0
505	509.0
505	84.0
505	266.0
505	86.0
505	510.0
505	946.0
505	265.0
505	83.0
505	250.0
505	508.0
505	945.0
505	76.0
505	257.0
505	255.0
505	74.0
505	261.0
505	81.0
505	85.0
505	267.0
505	612.0
505	260.0
505	511.0
505	78.0
505	79.0
505	80.0
505	251.0
505	73.0
506	508.0
506	260.0
506	85.0
506	261.0
506	946.0
506	267.0
506	76.0
506	83.0
506	81.0
506	612.0
506	511.0
506	251.0
506	78.0
507	612.0
507	255.0
507	608.0
507	76.0
507	609.0
507	610.0
507	78.0
507	260.0
507	261.0
507	611.0
507	510.0
507	81.0
507	613.0
507	614.0
507	513.0
507	267.0
508	78.0
508	83.0
508	265.0
508	946.0
508	511.0
508	267.0
508	266.0
508	85.0
508	84.0
508	81.0
508	260.0
508	80.0
509	612.0
509	86.0
509	84.0
509	266.0
509	81.0
509	85.0
510	85.0
510	266.0
510	267.0
510	513.0
510	511.0
510	612.0
510	83.0
510	81.0
511	267.0
511	266.0
511	85.0
511	84.0
511	946.0
511	265.0
511	83.0
512	513.0
512	267.0
512	85.0
514	515.0
514	517.0
514	519.0
514	518.0
514	516.0
515	516.0
515	519.0
515	518.0
515	517.0
516	518.0
516	517.0
516	519.0
517	519.0
517	518.0
518	519.0
520	521.0
522	79.0
522	86.0
522	84.0
522	80.0
522	76.0
522	73.0
522	70.0
523	525.0
523	524.0
524	624.0
524	487.0
524	623.0
524	625.0
524	626.0
524	627.0
526	120.0
526	119.0
526	1130.0
526	1129.0
526	1131.0
526	528.0
527	125.0
527	123.0
529	541.0
529	539.0
529	538.0
529	540.0
529	530.0
529	531.0
529	532.0
529	533.0
529	534.0
529	535.0
529	536.0
529	537.0
529	550.0
529	549.0
529	548.0
529	547.0
529	546.0
529	545.0
529	544.0
529	543.0
529	542.0
530	549.0
530	550.0
530	531.0
530	532.0
530	533.0
530	534.0
530	535.0
530	536.0
530	537.0
530	538.0
530	712.0
530	539.0
530	540.0
530	541.0
530	542.0
530	544.0
530	711.0
530	545.0
530	546.0
530	547.0
530	548.0
531	534.0
531	533.0
531	532.0
531	550.0
531	548.0
531	547.0
531	545.0
531	542.0
531	541.0
531	539.0
531	538.0
531	537.0
531	536.0
531	535.0
532	548.0
532	546.0
532	547.0
532	533.0
532	534.0
532	535.0
532	536.0
532	1104.0
532	537.0
532	538.0
532	539.0
532	540.0
532	541.0
532	542.0
532	544.0
532	1105.0
532	711.0
532	550.0
532	549.0
533	548.0
533	546.0
533	547.0
533	534.0
533	535.0
533	536.0
533	537.0
533	538.0
533	539.0
533	540.0
533	542.0
533	544.0
533	1105.0
533	711.0
533	545.0
533	550.0
533	549.0
534	545.0
534	546.0
534	547.0
534	548.0
534	549.0
534	712.0
534	550.0
534	535.0
534	536.0
534	537.0
534	538.0
534	539.0
534	540.0
534	541.0
534	542.0
535	541.0
535	542.0
535	545.0
535	547.0
535	548.0
535	550.0
535	536.0
535	537.0
535	538.0
535	539.0
536	549.0
536	541.0
536	448.0
536	447.0
536	540.0
536	539.0
536	445.0
536	538.0
536	537.0
536	542.0
536	550.0
536	543.0
536	457.0
536	544.0
536	545.0
536	547.0
536	451.0
536	454.0
536	548.0
537	538.0
537	542.0
537	541.0
537	540.0
537	539.0
537	549.0
537	550.0
537	712.0
537	548.0
537	547.0
537	545.0
537	544.0
538	447.0
538	540.0
538	539.0
538	541.0
538	550.0
538	457.0
538	544.0
538	1105.0
538	543.0
538	542.0
538	547.0
538	545.0
538	546.0
538	711.0
538	451.0
538	548.0
538	549.0
538	712.0
539	548.0
539	712.0
539	550.0
539	541.0
539	447.0
539	547.0
539	546.0
539	451.0
539	542.0
539	545.0
540	544.0
540	711.0
540	1105.0
540	549.0
540	546.0
540	547.0
541	563.0
541	550.0
541	190.0
541	542.0
541	27.0
541	548.0
541	29.0
541	547.0
541	1186.0
542	545.0
542	546.0
542	550.0
542	548.0
542	547.0
543	454.0
543	455.0
543	1186.0
543	456.0
543	457.0
543	458.0
543	451.0
543	450.0
543	452.0
543	453.0
544	711.0
544	549.0
544	547.0
544	546.0
544	1105.0
545	712.0
545	550.0
545	547.0
545	548.0
546	547.0
546	549.0
546	550.0
547	548.0
547	549.0
547	550.0
548	550.0
548	712.0
549	550.0
551	304.0
551	295.0
552	122.0
552	553.0
552	296.0
552	387.0
552	111.0
552	279.0
553	901.0
553	122.0
553	303.0
553	389.0
553	304.0
553	309.0
553	218.0
553	311.0
553	124.0
553	406.0
553	116.0
553	117.0
553	294.0
553	113.0
553	640.0
553	1004.0
553	308.0
553	176.0
554	556.0
554	555.0
554	559.0
554	558.0
554	557.0
555	557.0
555	556.0
555	559.0
556	557.0
556	559.0
556	558.0
557	559.0
557	558.0
560	561.0
561	1236.0
561	1235.0
562	563.0
562	35.0
562	36.0
562	37.0
562	38.0
562	39.0
564	565.0
564	566.0
565	566.0
567	568.0
567	569.0
567	570.0
567	574.0
567	573.0
567	572.0
567	571.0
568	569.0
568	571.0
568	572.0
568	573.0
568	574.0
568	570.0
569	574.0
569	571.0
569	572.0
569	573.0
569	570.0
570	571.0
570	572.0
570	573.0
571	574.0
571	573.0
573	574.0
575	576.0
575	578.0
575	579.0
575	580.0
575	153.0
575	581.0
575	577.0
576	579.0
576	578.0
576	577.0
576	580.0
577	578.0
577	579.0
578	579.0
578	580.0
579	580.0
582	105.0
582	584.0
582	585.0
582	586.0
582	583.0
583	585.0
583	586.0
583	584.0
584	586.0
584	585.0
585	586.0
587	590.0
587	589.0
587	591.0
587	588.0
588	713.0
588	591.0
588	715.0
588	716.0
588	717.0
588	589.0
588	714.0
588	590.0
589	715.0
589	591.0
589	714.0
589	713.0
589	590.0
589	717.0
589	716.0
590	715.0
590	716.0
590	717.0
590	1170.0
590	713.0
590	714.0
590	591.0
591	717.0
591	715.0
591	716.0
591	1170.0
592	599.0
593	596.0
596	600.0
596	599.0
596	1584.0
601	602.0
603	15.0
604	605.0
604	606.0
604	607.0
604	251.0
604	507.0
604	255.0
604	608.0
604	609.0
604	610.0
604	260.0
604	261.0
604	611.0
604	612.0
604	512.0
604	613.0
604	614.0
604	513.0
604	510.0
605	78.0
605	606.0
605	607.0
605	251.0
605	507.0
605	255.0
605	608.0
605	76.0
605	609.0
605	610.0
605	513.0
605	613.0
605	612.0
605	81.0
605	510.0
605	611.0
605	261.0
605	260.0
606	608.0
606	610.0
606	260.0
606	261.0
606	611.0
606	510.0
606	81.0
606	612.0
606	613.0
606	513.0
606	609.0
606	607.0
606	251.0
606	507.0
606	255.0
607	76.0
607	610.0
607	260.0
607	261.0
607	611.0
607	510.0
607	612.0
607	613.0
607	513.0
607	609.0
607	251.0
607	507.0
607	255.0
607	608.0
608	609.0
608	613.0
608	612.0
608	510.0
608	611.0
608	261.0
608	260.0
608	610.0
609	260.0
609	610.0
609	513.0
609	614.0
609	613.0
609	612.0
609	81.0
609	510.0
609	611.0
609	261.0
610	612.0
610	81.0
610	510.0
610	611.0
610	261.0
610	260.0
610	513.0
610	512.0
611	510.0
611	612.0
612	154.0
612	84.0
612	613.0
612	1052.0
612	85.0
612	1050.0
612	812.0
612	511.0
613	1052.0
615	333.0
615	330.0
615	329.0
615	335.0
615	1199.0
615	337.0
615	334.0
616	338.0
616	337.0
616	336.0
616	333.0
617	368.0
617	618.0
619	622.0
619	621.0
619	620.0
620	622.0
620	621.0
621	622.0
623	627.0
623	1055.0
623	1054.0
623	624.0
623	625.0
624	625.0
624	1055.0
624	1054.0
624	1367.0
624	57.0
625	1055.0
626	1054.0
627	1054.0
628	566.0
629	630.0
629	634.0
629	633.0
629	632.0
629	631.0
629	635.0
630	633.0
630	635.0
630	631.0
631	633.0
633	1557.0
636	164.0
636	166.0
637	638.0
639	947.0
639	109.0
639	828.0
639	948.0
639	112.0
639	405.0
639	950.0
639	640.0
639	951.0
639	292.0
639	829.0
639	490.0
639	952.0
639	117.0
639	953.0
639	295.0
639	954.0
639	642.0
639	222.0
639	389.0
639	643.0
639	644.0
639	306.0
639	645.0
639	492.0
639	122.0
639	941.0
639	646.0
639	226.0
639	227.0
639	406.0
639	391.0
639	647.0
639	641.0
640	896.0
640	951.0
640	895.0
640	829.0
640	490.0
640	641.0
640	952.0
640	117.0
640	953.0
640	898.0
640	954.0
640	955.0
640	642.0
640	222.0
640	175.0
640	389.0
640	643.0
640	644.0
640	830.0
640	900.0
640	645.0
640	492.0
640	308.0
640	122.0
640	941.0
640	646.0
640	226.0
640	227.0
640	406.0
640	391.0
640	647.0
640	902.0
641	308.0
641	941.0
641	646.0
641	227.0
641	406.0
641	391.0
641	124.0
641	647.0
641	902.0
641	122.0
641	952.0
641	117.0
641	953.0
641	898.0
641	954.0
641	642.0
641	222.0
641	389.0
641	643.0
641	644.0
641	830.0
641	492.0
642	941.0
642	644.0
642	643.0
642	389.0
642	222.0
642	830.0
642	492.0
642	308.0
642	122.0
642	647.0
642	406.0
642	902.0
642	227.0
642	646.0
643	406.0
643	391.0
643	647.0
643	311.0
643	902.0
643	830.0
643	900.0
643	901.0
643	645.0
643	644.0
643	492.0
643	308.0
643	122.0
643	941.0
643	646.0
643	227.0
644	391.0
644	406.0
644	122.0
644	941.0
644	646.0
644	1418.0
644	227.0
644	830.0
644	645.0
644	492.0
644	308.0
644	902.0
644	494.0
644	647.0
644	124.0
645	124.0
645	309.0
645	646.0
645	941.0
645	122.0
645	308.0
645	492.0
645	226.0
645	227.0
645	391.0
646	406.0
646	124.0
646	647.0
646	227.0
646	391.0
647	902.0
648	528.0
648	649.0
650	417.0
650	431.0
650	433.0
651	433.0
651	432.0
653	684.0
653	685.0
653	683.0
653	682.0
653	681.0
653	680.0
653	679.0
653	678.0
653	677.0
653	676.0
653	675.0
653	686.0
653	674.0
653	673.0
653	672.0
653	687.0
653	671.0
653	667.0
653	666.0
653	665.0
653	664.0
653	663.0
653	662.0
653	661.0
653	660.0
653	659.0
653	658.0
653	657.0
653	656.0
653	655.0
653	654.0
653	668.0
653	669.0
653	670.0
653	361.0
654	680.0
654	664.0
654	663.0
654	661.0
654	660.0
654	659.0
654	655.0
654	675.0
654	677.0
654	666.0
654	679.0
654	686.0
655	361.0
655	677.0
655	679.0
655	680.0
655	683.0
655	1025.0
655	686.0
655	660.0
655	1024.0
655	1023.0
655	675.0
655	659.0
655	662.0
655	661.0
655	663.0
655	664.0
655	666.0
656	671.0
656	674.0
656	676.0
656	672.0
656	678.0
656	679.0
656	680.0
656	685.0
656	670.0
656	669.0
656	665.0
656	657.0
656	686.0
656	687.0
657	676.0
657	678.0
657	680.0
657	665.0
657	669.0
657	670.0
657	671.0
657	687.0
657	672.0
657	674.0
658	682.0
658	684.0
658	685.0
658	686.0
658	667.0
658	668.0
658	671.0
658	673.0
658	679.0
658	681.0
659	666.0
659	361.0
659	675.0
659	677.0
659	679.0
659	680.0
659	683.0
659	686.0
659	660.0
659	661.0
659	662.0
659	663.0
659	664.0
660	664.0
660	662.0
660	661.0
660	663.0
660	686.0
660	683.0
660	680.0
660	679.0
660	677.0
660	675.0
660	361.0
660	666.0
661	683.0
661	679.0
661	677.0
661	675.0
661	361.0
661	666.0
661	664.0
661	663.0
661	662.0
661	680.0
661	686.0
662	675.0
662	361.0
662	666.0
662	664.0
662	663.0
662	686.0
662	677.0
663	679.0
663	683.0
663	686.0
663	680.0
663	664.0
663	666.0
663	361.0
663	675.0
663	677.0
664	361.0
664	666.0
664	686.0
664	683.0
664	680.0
664	679.0
664	677.0
664	675.0
665	672.0
665	671.0
665	670.0
665	669.0
665	687.0
665	686.0
665	685.0
665	680.0
665	678.0
665	676.0
665	674.0
666	675.0
666	361.0
666	686.0
666	683.0
666	680.0
666	679.0
666	677.0
667	685.0
667	686.0
667	671.0
667	668.0
667	673.0
667	679.0
667	681.0
667	682.0
667	684.0
668	685.0
668	686.0
668	671.0
668	673.0
668	679.0
668	680.0
668	681.0
668	682.0
668	684.0
669	686.0
669	687.0
669	670.0
669	671.0
669	672.0
669	674.0
669	676.0
669	678.0
669	680.0
669	685.0
670	679.0
670	676.0
670	674.0
670	672.0
670	671.0
670	678.0
670	687.0
670	686.0
670	685.0
670	680.0
671	672.0
671	687.0
671	686.0
671	685.0
671	684.0
671	682.0
671	681.0
671	680.0
671	679.0
671	678.0
671	676.0
671	674.0
671	673.0
672	685.0
672	687.0
672	686.0
672	674.0
672	676.0
672	678.0
672	679.0
672	680.0
673	684.0
673	686.0
673	685.0
673	679.0
673	680.0
673	681.0
673	682.0
674	686.0
674	687.0
674	676.0
674	678.0
674	679.0
674	680.0
674	685.0
675	677.0
675	680.0
675	686.0
675	683.0
675	679.0
676	685.0
676	678.0
676	687.0
676	686.0
676	679.0
676	680.0
676	748.0
676	190.0
677	683.0
677	1025.0
677	686.0
677	684.0
677	679.0
677	680.0
678	685.0
678	686.0
678	687.0
678	680.0
678	679.0
679	686.0
679	687.0
679	680.0
679	681.0
679	682.0
679	684.0
679	685.0
680	684.0
680	682.0
680	687.0
680	686.0
680	685.0
680	681.0
680	683.0
681	682.0
681	686.0
681	685.0
681	684.0
682	684.0
682	685.0
682	686.0
683	30.0
683	686.0
684	686.0
684	685.0
685	686.0
685	687.0
686	687.0
688	689.0
689	1049.0
690	370.0
690	691.0
692	693.0
692	695.0
692	694.0
693	695.0
693	694.0
694	695.0
698	226.0
698	1370.0
699	1394.0
700	305.0
701	750.0
701	1576.0
701	225.0
701	230.0
702	543.0
702	449.0
702	448.0
702	447.0
702	441.0
702	443.0
702	450.0
702	908.0
702	451.0
702	452.0
702	446.0
702	453.0
702	445.0
702	444.0
702	454.0
702	455.0
702	456.0
702	457.0
702	458.0
702	703.0
702	442.0
703	448.0
703	458.0
703	457.0
703	456.0
703	455.0
703	454.0
703	453.0
703	452.0
703	451.0
703	450.0
703	543.0
703	449.0
703	447.0
703	446.0
703	445.0
703	444.0
703	443.0
703	442.0
704	706.0
704	705.0
705	706.0
707	16.0
707	708.0
707	710.0
707	709.0
708	16.0
708	710.0
709	1601.0
709	1600.0
709	710.0
710	1194.0
711	547.0
711	546.0
711	549.0
713	717.0
713	715.0
713	591.0
713	714.0
714	591.0
714	715.0
714	716.0
714	717.0
716	717.0
718	237.0
719	723.0
719	722.0
719	720.0
719	721.0
720	723.0
721	1107.0
721	722.0
721	1308.0
724	726.0
724	725.0
725	965.0
725	726.0
727	728.0
729	28.0
729	730.0
729	563.0
729	1183.0
729	27.0
729	30.0
729	1186.0
729	1185.0
729	29.0
729	731.0
729	1184.0
730	731.0
730	29.0
731	29.0
731	30.0
732	736.0
732	738.0
732	735.0
732	737.0
732	733.0
732	734.0
733	735.0
733	734.0
733	738.0
733	737.0
733	736.0
734	735.0
734	737.0
734	738.0
734	736.0
735	738.0
735	736.0
735	737.0
736	738.0
736	737.0
737	738.0
739	743.0
739	744.0
739	745.0
739	862.0
739	473.0
739	863.0
739	793.0
739	746.0
739	797.0
739	468.0
739	741.0
739	859.0
739	860.0
739	861.0
740	190.0
740	742.0
741	793.0
741	863.0
741	742.0
741	859.0
741	860.0
741	861.0
741	743.0
741	797.0
741	190.0
741	748.0
741	674.0
741	471.0
741	744.0
741	745.0
741	862.0
741	473.0
741	189.0
741	746.0
741	184.0
742	748.0
742	471.0
742	1095.0
742	743.0
742	190.0
743	473.0
743	471.0
743	744.0
743	746.0
743	745.0
743	793.0
743	863.0
743	862.0
743	748.0
743	797.0
743	190.0
744	793.0
744	862.0
744	745.0
744	473.0
744	863.0
744	797.0
744	746.0
745	793.0
745	473.0
745	862.0
745	746.0
745	190.0
745	797.0
745	863.0
746	190.0
746	797.0
748	190.0
749	701.0
749	230.0
749	121.0
750	230.0
751	760.0
751	757.0
751	759.0
751	758.0
751	754.0
751	753.0
751	752.0
751	756.0
751	755.0
752	753.0
752	754.0
752	755.0
752	757.0
752	758.0
752	759.0
752	760.0
752	854.0
753	759.0
753	757.0
753	756.0
753	755.0
753	760.0
753	758.0
753	754.0
754	757.0
754	760.0
754	758.0
754	756.0
754	759.0
754	755.0
755	756.0
755	757.0
755	758.0
755	759.0
755	760.0
756	760.0
756	757.0
756	758.0
756	759.0
757	760.0
757	759.0
757	758.0
758	759.0
758	760.0
759	760.0
761	92.0
761	93.0
762	763.0
764	766.0
764	765.0
764	767.0
765	898.0
765	117.0
765	490.0
765	828.0
765	893.0
765	283.0
765	766.0
765	285.0
765	895.0
765	950.0
765	640.0
765	894.0
765	896.0
765	902.0
765	311.0
765	647.0
765	406.0
765	122.0
765	901.0
765	900.0
765	830.0
765	643.0
766	117.0
766	122.0
766	303.0
766	767.0
768	771.0
768	770.0
768	769.0
769	771.0
769	742.0
769	1095.0
769	770.0
769	748.0
770	771.0
772	183.0
772	781.0
772	780.0
772	779.0
772	778.0
772	777.0
772	776.0
772	775.0
772	774.0
772	773.0
773	776.0
773	775.0
773	780.0
773	1329.0
773	183.0
773	781.0
773	205.0
773	779.0
773	774.0
773	778.0
773	777.0
774	474.0
774	779.0
774	780.0
774	781.0
774	777.0
774	776.0
774	775.0
774	778.0
774	183.0
775	780.0
775	776.0
775	777.0
775	183.0
775	779.0
775	778.0
775	781.0
776	777.0
776	183.0
776	1329.0
776	780.0
776	781.0
776	778.0
776	779.0
776	34.0
776	1455.0
777	779.0
777	781.0
777	778.0
777	780.0
778	779.0
778	780.0
778	781.0
779	780.0
780	781.0
782	783.0
784	323.0
784	320.0
784	325.0
784	324.0
784	336.0
784	338.0
784	337.0
784	333.0
784	335.0
784	322.0
785	786.0
785	787.0
786	1405.0
786	787.0
788	792.0
788	797.0
788	796.0
788	795.0
788	794.0
788	793.0
788	791.0
788	790.0
788	789.0
789	791.0
789	795.0
789	792.0
790	791.0
790	796.0
790	793.0
790	794.0
790	795.0
790	797.0
790	792.0
791	794.0
791	793.0
791	792.0
791	797.0
791	796.0
791	795.0
792	683.0
792	795.0
792	794.0
792	797.0
792	796.0
792	793.0
793	184.0
793	746.0
793	794.0
793	795.0
793	683.0
793	797.0
793	796.0
794	683.0
794	796.0
794	795.0
794	797.0
795	797.0
795	796.0
796	797.0
798	801.0
798	800.0
798	799.0
799	800.0
802	803.0
802	992.0
802	810.0
802	809.0
802	804.0
802	808.0
803	809.0
803	992.0
803	811.0
803	808.0
803	804.0
803	810.0
804	992.0
804	809.0
804	16.0
805	806.0
805	613.0
805	612.0
806	1052.0
806	254.0
806	807.0
806	114.0
806	384.0
806	1304.0
806	1331.0
806	822.0
806	812.0
806	612.0
806	1050.0
807	499.0
807	1191.0
807	114.0
807	612.0
807	812.0
807	384.0
808	810.0
808	811.0
808	992.0
808	809.0
809	811.0
809	810.0
809	992.0
810	811.0
812	1616.0
813	814.0
814	1444.0
815	816.0
817	818.0
817	182.0
818	182.0
819	205.0
820	821.0
822	216.0
822	389.0
822	222.0
822	1061.0
822	390.0
822	226.0
822	122.0
823	121.0
824	825.0
826	830.0
826	828.0
826	643.0
826	405.0
826	829.0
826	641.0
826	389.0
826	406.0
826	647.0
826	644.0
826	827.0
827	308.0
827	122.0
827	941.0
827	646.0
827	227.0
827	406.0
827	391.0
827	124.0
827	647.0
827	902.0
827	639.0
827	947.0
827	765.0
827	109.0
827	828.0
827	893.0
827	948.0
827	949.0
827	405.0
827	950.0
827	640.0
827	951.0
827	895.0
827	896.0
827	829.0
827	490.0
827	641.0
827	952.0
827	117.0
827	953.0
827	295.0
827	954.0
827	955.0
827	642.0
827	389.0
827	643.0
827	644.0
827	830.0
827	900.0
827	492.0
828	117.0
828	953.0
828	898.0
828	954.0
828	170.0
828	381.0
828	952.0
828	641.0
828	405.0
828	283.0
828	949.0
828	948.0
828	893.0
828	829.0
828	896.0
828	895.0
828	951.0
828	640.0
828	553.0
828	899.0
828	894.0
828	1021.0
828	950.0
828	902.0
828	311.0
828	647.0
828	124.0
828	391.0
828	406.0
828	227.0
828	646.0
828	941.0
828	122.0
828	308.0
828	492.0
828	901.0
828	900.0
828	830.0
828	644.0
828	643.0
828	389.0
828	642.0
828	955.0
828	490.0
829	646.0
829	941.0
829	492.0
829	308.0
829	389.0
829	643.0
829	122.0
829	647.0
829	644.0
829	391.0
829	490.0
829	641.0
829	117.0
829	953.0
829	295.0
829	1530.0
829	954.0
829	642.0
829	406.0
830	308.0
830	122.0
830	900.0
830	646.0
830	406.0
830	647.0
830	902.0
830	492.0
830	941.0
831	834.0
831	832.0
831	836.0
831	833.0
831	835.0
832	836.0
832	833.0
832	834.0
833	834.0
833	836.0
834	835.0
834	836.0
837	840.0
837	596.0
837	64.0
837	839.0
837	838.0
838	596.0
838	840.0
838	909.0
838	64.0
839	1195.0
841	843.0
841	708.0
841	710.0
841	842.0
842	708.0
842	843.0
843	1192.0
843	708.0
843	710.0
843	1194.0
844	850.0
844	851.0
844	854.0
844	845.0
844	846.0
844	752.0
844	847.0
844	853.0
844	852.0
844	848.0
844	849.0
845	850.0
845	929.0
845	930.0
845	931.0
845	851.0
845	932.0
845	933.0
845	852.0
845	853.0
845	934.0
845	352.0
845	935.0
845	854.0
845	936.0
845	937.0
845	928.0
845	849.0
845	848.0
845	847.0
845	927.0
845	846.0
845	926.0
845	343.0
846	854.0
846	936.0
846	937.0
846	935.0
846	1043.0
846	934.0
846	1042.0
846	853.0
846	852.0
846	933.0
846	1041.0
846	932.0
846	851.0
846	931.0
846	930.0
846	929.0
846	850.0
846	928.0
846	849.0
846	343.0
846	848.0
846	847.0
846	927.0
846	1040.0
846	1039.0
847	848.0
847	937.0
847	936.0
847	854.0
847	935.0
847	353.0
847	352.0
847	934.0
847	853.0
847	852.0
847	1198.0
847	933.0
847	932.0
847	851.0
847	931.0
847	930.0
847	929.0
847	850.0
847	928.0
847	849.0
847	343.0
847	342.0
848	931.0
848	930.0
848	343.0
848	849.0
848	928.0
848	850.0
848	929.0
848	937.0
848	936.0
848	854.0
848	935.0
848	352.0
848	934.0
848	853.0
848	852.0
848	933.0
848	932.0
848	851.0
849	935.0
849	937.0
849	936.0
849	854.0
849	928.0
849	850.0
849	929.0
849	930.0
849	931.0
849	851.0
849	932.0
849	933.0
849	852.0
849	853.0
849	934.0
849	352.0
850	851.0
850	932.0
850	933.0
850	852.0
850	853.0
850	934.0
850	352.0
850	935.0
850	854.0
850	936.0
850	937.0
850	929.0
850	930.0
850	931.0
851	937.0
851	852.0
851	853.0
851	934.0
851	933.0
851	932.0
851	935.0
851	854.0
851	936.0
852	853.0
852	936.0
852	937.0
852	854.0
852	935.0
852	352.0
852	934.0
853	854.0
853	935.0
853	934.0
853	937.0
853	936.0
854	936.0
854	937.0
855	857.0
855	856.0
856	857.0
858	745.0
858	863.0
858	793.0
858	746.0
858	797.0
858	862.0
858	473.0
858	739.0
858	468.0
858	741.0
858	859.0
858	860.0
858	861.0
858	743.0
858	744.0
859	745.0
859	797.0
859	746.0
859	793.0
859	863.0
859	473.0
859	862.0
859	744.0
859	743.0
859	861.0
859	860.0
860	745.0
860	862.0
860	746.0
860	797.0
860	795.0
860	473.0
860	793.0
860	863.0
860	792.0
860	743.0
860	744.0
861	797.0
861	745.0
861	744.0
861	743.0
861	863.0
861	793.0
861	862.0
861	746.0
861	473.0
862	863.0
862	797.0
862	746.0
862	793.0
862	473.0
863	797.0
863	746.0
863	793.0
864	164.0
864	166.0
864	165.0
865	121.0
865	174.0
865	294.0
865	122.0
865	176.0
865	1077.0
865	866.0
865	115.0
866	122.0
866	308.0
866	176.0
866	499.0
866	306.0
866	121.0
866	304.0
866	303.0
866	175.0
866	310.0
866	869.0
866	124.0
866	311.0
869	311.0
870	878.0
870	879.0
870	882.0
870	872.0
870	881.0
870	880.0
870	871.0
870	873.0
870	874.0
870	875.0
870	876.0
870	877.0
870	154.0
871	154.0
871	873.0
871	874.0
871	875.0
871	876.0
871	877.0
871	878.0
871	879.0
871	880.0
871	881.0
871	882.0
871	1004.0
871	872.0
872	875.0
872	877.0
872	154.0
872	873.0
872	881.0
872	882.0
872	879.0
872	880.0
872	874.0
872	878.0
872	876.0
872	1004.0
873	877.0
873	874.0
873	875.0
873	876.0
873	882.0
873	879.0
873	881.0
873	878.0
873	154.0
873	880.0
874	879.0
874	882.0
874	1004.0
874	875.0
874	876.0
874	154.0
874	877.0
874	881.0
874	880.0
874	878.0
875	878.0
875	154.0
875	877.0
875	879.0
875	882.0
875	876.0
875	881.0
875	880.0
876	154.0
876	882.0
876	881.0
876	880.0
876	879.0
876	1429.0
876	878.0
876	877.0
877	881.0
877	879.0
877	878.0
877	882.0
877	880.0
878	881.0
878	879.0
878	882.0
878	880.0
878	1429.0
879	881.0
879	882.0
879	880.0
880	882.0
880	881.0
881	882.0
883	683.0
883	884.0
884	683.0
886	217.0
886	214.0
886	220.0
886	210.0
886	219.0
887	231.0
887	232.0
887	228.0
888	30.0
889	82.0
889	74.0
889	76.0
889	79.0
889	86.0
889	84.0
889	505.0
889	70.0
889	80.0
889	81.0
890	891.0
892	901.0
892	765.0
892	828.0
892	893.0
892	894.0
892	895.0
892	896.0
892	897.0
892	898.0
892	899.0
892	900.0
892	406.0
892	902.0
893	389.0
893	642.0
893	894.0
893	895.0
893	643.0
893	830.0
893	896.0
893	490.0
893	897.0
893	901.0
893	122.0
893	406.0
893	902.0
893	899.0
894	182.0
894	898.0
894	643.0
894	830.0
894	900.0
894	896.0
894	895.0
894	901.0
894	122.0
894	406.0
894	902.0
895	308.0
895	901.0
895	952.0
895	953.0
895	898.0
895	642.0
895	389.0
895	643.0
895	641.0
895	490.0
895	896.0
895	492.0
895	902.0
895	647.0
895	406.0
895	644.0
895	830.0
895	900.0
895	646.0
895	941.0
895	122.0
896	490.0
896	117.0
896	641.0
896	901.0
896	900.0
896	124.0
896	830.0
896	644.0
896	391.0
896	406.0
896	643.0
896	389.0
896	646.0
896	642.0
896	1021.0
896	953.0
896	941.0
896	647.0
896	311.0
896	902.0
896	122.0
896	492.0
897	406.0
897	308.0
897	901.0
897	899.0
898	643.0
898	406.0
898	677.0
898	1099.0
898	1239.0
898	900.0
898	901.0
899	311.0
899	901.0
899	308.0
899	122.0
899	406.0
900	122.0
900	406.0
900	901.0
900	902.0
901	308.0
901	902.0
901	406.0
901	391.0
901	311.0
901	122.0
903	904.0
903	131.0
904	1554.0
905	344.0
906	907.0
908	451.0
909	64.0
909	596.0
910	167.0
911	913.0
911	912.0
911	914.0
912	914.0
912	913.0
913	914.0
915	683.0
915	922.0
915	921.0
915	920.0
915	24.0
915	919.0
915	27.0
915	918.0
915	64.0
915	917.0
915	916.0
915	30.0
916	683.0
916	922.0
916	919.0
916	27.0
916	918.0
916	917.0
916	30.0
917	27.0
917	919.0
917	920.0
917	921.0
917	64.0
917	683.0
917	30.0
917	922.0
917	918.0
918	30.0
918	919.0
918	27.0
918	683.0
918	922.0
918	920.0
919	921.0
919	30.0
919	683.0
919	922.0
919	920.0
920	921.0
920	922.0
920	683.0
920	30.0
921	922.0
921	30.0
922	683.0
922	30.0
923	924.0
923	925.0
924	925.0
926	848.0
926	931.0
926	851.0
926	932.0
926	933.0
926	852.0
926	853.0
926	935.0
926	847.0
926	927.0
926	846.0
926	850.0
926	929.0
926	854.0
926	936.0
926	937.0
926	930.0
926	928.0
926	849.0
926	343.0
927	853.0
927	937.0
927	936.0
927	854.0
927	935.0
927	934.0
927	928.0
927	849.0
927	847.0
927	343.0
927	848.0
927	852.0
927	850.0
927	929.0
927	851.0
927	932.0
927	933.0
928	850.0
928	937.0
928	936.0
928	854.0
928	935.0
928	853.0
928	852.0
928	933.0
928	932.0
928	851.0
928	931.0
928	930.0
928	929.0
929	854.0
929	936.0
929	937.0
929	851.0
929	931.0
929	930.0
929	932.0
929	933.0
929	852.0
929	853.0
929	934.0
929	935.0
930	935.0
930	854.0
930	937.0
930	936.0
930	931.0
930	851.0
930	932.0
930	933.0
930	852.0
930	853.0
931	851.0
931	932.0
931	933.0
931	852.0
931	853.0
931	352.0
931	353.0
931	935.0
931	854.0
931	936.0
931	937.0
932	933.0
932	852.0
932	853.0
932	934.0
932	352.0
932	854.0
932	936.0
932	937.0
932	935.0
933	854.0
933	935.0
933	352.0
933	934.0
933	853.0
933	1099.0
933	852.0
933	937.0
933	936.0
934	937.0
934	936.0
934	854.0
934	935.0
935	937.0
935	936.0
935	854.0
936	937.0
938	852.0
938	939.0
938	849.0
938	853.0
938	854.0
939	851.0
940	389.0
941	647.0
941	391.0
941	406.0
941	227.0
941	646.0
941	902.0
942	228.0
942	231.0
943	21.0
943	944.0
945	85.0
945	83.0
945	511.0
945	81.0
947	389.0
947	642.0
947	952.0
947	641.0
947	490.0
947	896.0
947	951.0
947	640.0
947	170.0
947	948.0
947	828.0
947	109.0
947	902.0
947	405.0
947	647.0
947	646.0
947	941.0
947	492.0
947	644.0
947	643.0
948	122.0
948	308.0
948	492.0
948	830.0
948	644.0
948	643.0
948	389.0
948	642.0
948	955.0
948	953.0
948	952.0
948	641.0
948	829.0
948	896.0
948	895.0
948	951.0
948	640.0
948	950.0
948	405.0
948	949.0
948	647.0
948	902.0
948	391.0
948	406.0
948	646.0
948	941.0
949	644.0
949	643.0
949	389.0
949	953.0
949	117.0
949	641.0
949	640.0
949	902.0
949	406.0
949	122.0
950	640.0
950	951.0
950	895.0
950	113.0
950	896.0
950	490.0
950	641.0
950	117.0
950	953.0
950	295.0
950	898.0
950	642.0
950	389.0
950	643.0
950	644.0
950	830.0
950	900.0
950	901.0
950	492.0
950	308.0
950	122.0
950	941.0
950	646.0
950	227.0
950	406.0
950	391.0
950	647.0
950	902.0
950	311.0
950	894.0
951	492.0
951	308.0
951	122.0
951	941.0
951	646.0
951	227.0
951	902.0
951	647.0
951	124.0
951	391.0
951	406.0
951	895.0
951	896.0
951	829.0
951	641.0
951	952.0
951	117.0
951	953.0
951	955.0
951	642.0
951	389.0
951	643.0
951	644.0
951	830.0
952	647.0
952	953.0
952	955.0
952	642.0
952	175.0
952	389.0
952	643.0
952	644.0
952	492.0
952	122.0
952	941.0
952	646.0
952	227.0
952	406.0
953	830.0
953	295.0
953	644.0
953	643.0
953	389.0
953	902.0
953	955.0
953	642.0
953	647.0
953	124.0
953	391.0
953	406.0
953	1418.0
953	646.0
953	941.0
953	122.0
953	308.0
953	492.0
953	645.0
954	389.0
954	643.0
954	647.0
954	406.0
954	227.0
954	226.0
954	941.0
954	122.0
954	308.0
954	492.0
954	644.0
954	642.0
955	406.0
955	391.0
955	1494.0
955	124.0
955	647.0
955	1588.0
955	1587.0
955	642.0
955	175.0
955	389.0
955	644.0
955	492.0
955	308.0
955	122.0
955	941.0
956	957.0
956	124.0
957	1424.0
958	959.0
958	960.0
961	962.0
963	966.0
963	965.0
963	964.0
963	45.0
965	1482.0
965	726.0
967	973.0
967	770.0
967	971.0
967	972.0
967	807.0
967	968.0
967	969.0
967	970.0
968	971.0
968	970.0
968	969.0
968	973.0
968	972.0
969	973.0
969	972.0
969	971.0
969	970.0
970	972.0
970	973.0
970	971.0
971	972.0
971	973.0
972	973.0
974	975.0
976	977.0
978	979.0
980	981.0
981	1474.0
982	731.0
983	984.0
985	986.0
985	10.0
985	9.0
986	10.0
986	9.0
987	277.0
988	116.0
988	110.0
988	283.0
988	553.0
988	174.0
988	122.0
988	311.0
988	1077.0
990	297.0
990	1282.0
990	303.0
990	288.0
991	115.0
991	298.0
991	308.0
991	293.0
991	294.0
992	810.0
993	994.0
995	996.0
996	1222.0
996	1223.0
997	998.0
999	1001.0
999	1000.0
1000	1001.0
1002	1003.0
1003	1208.0
1003	1169.0
1003	1168.0
1005	1006.0
1006	1531.0
1006	708.0
1007	1009.0
1007	1008.0
1007	1012.0
1007	1011.0
1007	1010.0
1008	1010.0
1008	1009.0
1008	1012.0
1008	1011.0
1009	1010.0
1009	1011.0
1009	1012.0
1010	1502.0
1010	1012.0
1010	1011.0
1011	1012.0
1012	1223.0
1012	1564.0
1014	1015.0
1016	1018.0
1016	1019.0
1016	1020.0
1016	1017.0
1017	1020.0
1017	1019.0
1018	1175.0
1018	1174.0
1020	1475.0
1021	300.0
1021	308.0
1021	122.0
1024	677.0
1024	660.0
1024	661.0
1024	663.0
1024	664.0
1024	675.0
1026	1029.0
1026	1027.0
1026	1030.0
1026	488.0
1026	1028.0
1027	1053.0
1027	1028.0
1027	1120.0
1027	1029.0
1027	1098.0
1027	1030.0
1028	1460.0
1028	1120.0
1028	1030.0
1029	1239.0
1029	1098.0
1029	898.0
1031	1038.0
1031	1032.0
1031	1033.0
1031	1034.0
1031	1035.0
1031	1036.0
1031	1037.0
1032	1035.0
1032	1034.0
1032	1033.0
1032	1038.0
1032	1036.0
1032	1037.0
1033	1035.0
1033	1037.0
1034	1035.0
1034	1038.0
1034	1037.0
1034	1036.0
1035	1037.0
1035	1263.0
1035	1038.0
1035	1036.0
1036	1038.0
1036	1037.0
1037	1038.0
1039	1042.0
1039	1040.0
1039	1043.0
1039	1041.0
1040	1041.0
1040	1043.0
1040	1042.0
1041	1043.0
1041	1042.0
1042	1043.0
1044	164.0
1044	166.0
1045	1046.0
1047	1049.0
1047	1052.0
1047	1051.0
1047	1050.0
1047	1048.0
1048	1051.0
1048	1052.0
1049	1050.0
1049	1052.0
1050	1052.0
1051	1052.0
1053	488.0
1053	1029.0
1053	1098.0
1053	1099.0
1054	1055.0
1056	1012.0
1057	1058.0
1059	822.0
1059	1061.0
1059	1060.0
1060	390.0
1060	295.0
1060	822.0
1062	1063.0
1062	1064.0
1063	1019.0
1063	1064.0
1064	1019.0
1064	904.0
1065	676.0
1066	1068.0
1066	1067.0
1067	1068.0
1069	1073.0
1069	1070.0
1069	1072.0
1069	1071.0
1070	1123.0
1070	1071.0
1070	1124.0
1070	1073.0
1070	1072.0
1071	1124.0
1071	1072.0
1071	1123.0
1071	1073.0
1072	1124.0
1072	1073.0
1074	1076.0
1074	1075.0
1075	1583.0
1075	1076.0
1078	1079.0
1078	1080.0
1079	1080.0
1081	1082.0
1081	1083.0
1081	131.0
1081	1064.0
1081	1084.0
1082	1083.0
1082	1209.0
1082	1084.0
1082	1203.0
1083	1203.0
1083	1084.0
1084	1209.0
1085	843.0
1085	710.0
1086	1087.0
1088	176.0
1089	912.0
1091	1092.0
1093	167.0
1094	401.0
1095	748.0
1096	1097.0
1096	1098.0
1096	1099.0
1096	709.0
1097	1099.0
1097	1401.0
1098	677.0
1098	684.0
1098	1099.0
1099	1239.0
1099	677.0
1100	1101.0
1102	1103.0
1104	540.0
1104	190.0
1104	538.0
1105	547.0
1105	711.0
1106	1107.0
1106	721.0
1108	1109.0
1110	1111.0
1112	1113.0
1114	1116.0
1114	677.0
1114	1115.0
1117	175.0
1117	293.0
1118	1119.0
1120	1030.0
1121	30.0
1122	30.0
1123	1072.0
1125	1018.0
1125	626.0
1126	34.0
1127	1129.0
1127	526.0
1127	684.0
1127	528.0
1127	1131.0
1127	497.0
1127	1128.0
1127	1130.0
1128	528.0
1128	1130.0
1128	526.0
1128	1129.0
1128	1131.0
1129	1131.0
1129	1130.0
1129	528.0
1130	528.0
1130	1131.0
1131	528.0
1132	488.0
1133	473.0
1134	1136.0
1134	139.0
1134	171.0
1134	1135.0
1135	1136.0
1135	139.0
1137	1138.0
1139	1140.0
1141	1142.0
1143	1149.0
1143	1113.0
1143	1144.0
1143	1145.0
1143	1146.0
1143	1148.0
1143	1147.0
1144	1113.0
1144	1149.0
1144	1145.0
1144	1146.0
1144	1147.0
1144	1148.0
1145	1146.0
1145	1147.0
1145	1149.0
1146	1113.0
1146	1149.0
1146	1147.0
1147	1148.0
1147	1149.0
1148	1149.0
1150	585.0
1150	586.0
1150	584.0
1151	1152.0
1153	1154.0
1155	1156.0
1157	1158.0
1159	1160.0
1161	1162.0
1163	1164.0
1163	1165.0
1164	1165.0
1166	207.0
1167	1169.0
1167	1168.0
1168	1169.0
1171	1172.0
1171	206.0
1171	210.0
1171	209.0
1171	228.0
1171	220.0
1172	206.0
1172	209.0
1172	220.0
1172	228.0
1173	460.0
1174	1539.0
1174	1175.0
1176	1177.0
1178	1179.0
1180	541.0
1180	1186.0
1180	1181.0
1180	1182.0
1180	729.0
1180	1183.0
1180	563.0
1180	1185.0
1180	29.0
1180	543.0
1180	1184.0
1180	27.0
1181	1184.0
1181	1185.0
1181	29.0
1181	64.0
1181	1183.0
1181	1186.0
1181	1182.0
1181	729.0
1181	563.0
1181	27.0
1181	541.0
1182	543.0
1182	1184.0
1182	27.0
1182	541.0
1182	1183.0
1182	729.0
1182	64.0
1182	563.0
1182	1186.0
1182	1185.0
1182	29.0
1183	1185.0
1183	29.0
1183	1184.0
1183	27.0
1183	563.0
1183	1186.0
1184	563.0
1184	1186.0
1184	1185.0
1184	29.0
1185	1186.0
1185	563.0
1186	563.0
1187	1188.0
1189	308.0
1190	1193.0
1190	1194.0
1190	710.0
1190	16.0
1190	375.0
1190	1192.0
1190	843.0
1190	1191.0
1190	374.0
1191	1489.0
1191	709.0
1191	812.0
1192	1529.0
1193	710.0
1194	677.0
1196	1197.0
1198	1512.0
1200	1201.0
1202	1083.0
1202	1084.0
1202	1082.0
1202	1203.0
1203	1084.0
1204	1205.0
1206	1160.0
1206	117.0
1207	208.0
1207	214.0
1207	215.0
1207	207.0
1210	1068.0
1211	1212.0
1212	596.0
1212	1372.0
1212	840.0
1213	227.0
1213	1501.0
1213	644.0
1213	389.0
1214	1220.0
1214	1215.0
1214	1216.0
1214	1217.0
1214	1218.0
1214	1219.0
1215	1339.0
1215	1216.0
1215	1220.0
1215	1219.0
1215	1218.0
1215	1217.0
1216	1217.0
1216	1220.0
1216	1219.0
1216	1218.0
1216	1339.0
1217	1219.0
1217	1220.0
1218	1220.0
1218	1219.0
1219	1220.0
1221	1099.0
1222	1223.0
1224	1226.0
1224	1225.0
1225	1330.0
1227	1230.0
1227	1228.0
1227	1231.0
1227	1232.0
1227	1229.0
1228	1232.0
1228	1230.0
1228	1229.0
1228	1231.0
1229	1232.0
1229	1231.0
1229	1230.0
1230	1231.0
1230	1232.0
1231	1232.0
1233	1234.0
1235	1236.0
1237	1099.0
1237	852.0
1237	484.0
1237	1238.0
1238	484.0
1238	1099.0
1238	1098.0
1239	677.0
1240	1241.0
1242	474.0
1242	475.0
1243	1244.0
1245	1246.0
1247	1248.0
1249	1250.0
1249	1251.0
1249	1252.0
1250	1251.0
1250	1252.0
1251	1252.0
1254	1255.0
1255	1287.0
1256	1257.0
1258	1259.0
1258	593.0
1259	593.0
1260	1261.0
1262	1029.0
1262	1264.0
1262	1194.0
1262	1263.0
1263	1342.0
1263	684.0
1264	1569.0
1264	1115.0
1265	1266.0
1267	174.0
1267	176.0
1267	499.0
1268	164.0
1268	166.0
1269	1270.0
1269	1271.0
1273	979.0
1274	1275.0
1276	1278.0
1276	1277.0
1276	1279.0
1276	1280.0
1276	1281.0
1277	780.0
1280	1281.0
1283	1523.0
1288	1289.0
1290	1291.0
1292	1293.0
1294	1297.0
1294	1301.0
1294	1300.0
1294	1299.0
1294	1298.0
1294	1296.0
1294	1295.0
1295	1301.0
1295	1297.0
1295	1298.0
1295	1296.0
1295	1299.0
1295	1300.0
1296	1299.0
1296	1301.0
1296	1300.0
1296	1297.0
1296	1298.0
1297	1301.0
1297	1299.0
1297	1298.0
1297	1300.0
1298	1301.0
1298	1300.0
1298	1299.0
1299	1300.0
1299	1301.0
1300	1301.0
1302	780.0
1302	779.0
1302	776.0
1302	773.0
1303	384.0
1303	1052.0
1303	812.0
1303	612.0
1303	1304.0
1303	807.0
1303	380.0
1303	806.0
1304	1052.0
1304	1050.0
1305	1154.0
1307	255.0
1307	260.0
1309	1310.0
1311	1230.0
1312	1313.0
1313	1416.0
1313	1415.0
1313	1417.0
1314	1237.0
1316	488.0
1317	1320.0
1317	1319.0
1317	1318.0
1318	1319.0
1318	1320.0
1319	1320.0
1320	1271.0
1320	1270.0
1321	1322.0
1323	1324.0
1325	1326.0
1329	780.0
1329	779.0
1332	1333.0
1334	1335.0
1336	1337.0
1336	1338.0
1339	1218.0
1339	1534.0
1339	1219.0
1339	1533.0
1341	1263.0
1341	1342.0
1345	1346.0
1347	509.0
1348	1349.0
1350	1351.0
1352	994.0
1353	1361.0
1353	1004.0
1355	1356.0
1356	30.0
1358	1359.0
1360	1361.0
1360	1004.0
1361	1004.0
1362	399.0
1362	398.0
1362	397.0
1363	1364.0
1365	1366.0
1367	1234.0
1368	1369.0
1370	154.0
1370	1575.0
1372	840.0
1374	1375.0
1376	1377.0
1378	1379.0
1381	428.0
1382	1238.0
1383	975.0
1384	1385.0
1384	1386.0
1385	1386.0
1387	843.0
1387	1192.0
1388	1392.0
1388	1391.0
1388	1390.0
1388	1389.0
1388	1393.0
1389	1393.0
1389	1390.0
1389	1392.0
1390	1393.0
1390	1392.0
1390	1391.0
1391	1392.0
1391	1393.0
1392	1393.0
1395	1396.0
1395	1315.0
1395	1397.0
1395	1398.0
1396	1315.0
1397	1398.0
1398	1621.0
1399	1115.0
1400	55.0
1402	1403.0
1404	1331.0
1405	787.0
1406	1408.0
1406	1407.0
1407	1408.0
1409	1061.0
1410	115.0
1410	388.0
1411	1412.0
1413	1414.0
1415	1417.0
1415	1526.0
1415	1416.0
1416	1417.0
1416	1526.0
1418	391.0
1419	1420.0
1419	1423.0
1419	1422.0
1419	1421.0
1420	1421.0
1420	1422.0
1421	1422.0
1421	1423.0
1422	1423.0
1426	1427.0
1429	880.0
1429	879.0
1429	881.0
1430	822.0
1431	1432.0
1433	898.0
1433	901.0
1433	895.0
1433	900.0
1433	406.0
1433	896.0
1434	1435.0
1436	1154.0
1436	1437.0
1438	679.0
1438	686.0
1438	684.0
1438	680.0
1438	681.0
1439	1140.0
1440	76.0
1441	146.0
1442	1443.0
1444	557.0
1444	556.0
1445	1446.0
1445	491.0
1447	1448.0
1449	1450.0
1450	1503.0
1451	1453.0
1451	1452.0
1452	1453.0
1454	593.0
1454	1259.0
1455	779.0
1455	1522.0
1455	1523.0
1455	780.0
1455	1524.0
1456	1398.0
1457	1458.0
1459	1270.0
1459	1320.0
1461	1462.0
1463	362.0
1464	1465.0
1465	1605.0
1466	1467.0
1468	401.0
1469	1470.0
1469	1471.0
1470	1471.0
1472	1473.0
1476	1477.0
1478	1479.0
1480	1481.0
1483	1485.0
1483	1484.0
1484	1541.0
1487	1488.0
1489	1194.0
1490	1140.0
1491	1492.0
1493	1407.0
1493	1408.0
1495	1497.0
1495	1496.0
1496	1497.0
1498	231.0
1499	317.0
1500	1501.0
1500	1213.0
1504	1505.0
1506	1507.0
1508	1338.0
1509	266.0
1510	1511.0
1513	1514.0
1515	1516.0
1517	1518.0
1519	1520.0
1525	57.0
1526	1417.0
1527	1528.0
1530	391.0
1530	492.0
1530	645.0
1532	598.0
1535	812.0
1536	1537.0
1538	613.0
1538	612.0
1540	1541.0
1540	1484.0
1543	1544.0
1545	1546.0
1547	1548.0
1549	1550.0
1551	17.0
1551	16.0
1552	1553.0
1555	1556.0
1556	1599.0
1559	358.0
1560	1561.0
1562	1563.0
1564	1223.0
1565	1501.0
1566	1567.0
1568	566.0
1568	565.0
1569	1115.0
1570	1571.0
1572	387.0
1573	234.0
1577	1369.0
1578	1579.0
1580	780.0
1581	1582.0
1584	600.0
1585	1586.0
1589	336.0
1589	338.0
1590	1591.0
1591	1613.0
1592	1239.0
1593	1594.0
1596	1597.0
1598	303.0
1600	1601.0
1602	1195.0
1604	710.0
1606	1356.0
1607	1564.0
1607	1223.0
1608	914.0
1609	1610.0
1611	1612.0
1614	1615.0
1617	68.0
1618	797.0
1619	1620.0
