0	4.857864
1	4.942602
2	4.905697
3	4.838461
4	4.948687
5	4.860177
6	3.391031
7	5.4902820000000006
8	5.200514
9	5.40423
10	5.6527840000000005
11	4.292263
12	0.569324
13	2.7567569999999995
14	2.114478
15	4.106984000000001
16	7.561214
17	2.860108
18	2.95873
19	2.9699999999999998
20	3.5411289999999997
21	3.552086
22	5.851634
23	9.76449
24	20.276673999999993
25	10.741542
26	5.171214
27	21.951373
28	5.366575
29	16.147818
30	18.945643
31	8.193214000000001
32	9.947125000000002
33	6.833459
34	11.12029
35	9.345682
36	9.530973000000001
37	10.538235
38	10.698117
39	10.792126000000001
40	8.600419
41	6.3778310000000005
42	4.3956
43	5.297185000000001
44	4.949311000000001
45	1.967549
46	3.7002490000000003
47	4.379150999999999
48	1.833985
49	3.782921
50	3.802565
51	4.368577999999999
52	3.6986149999999998
53	3.706771
54	0.96664
55	1.532804
56	0.513756
57	2.887251
58	1.466189
59	1.466189
60	1.794024
61	4.575675
62	8.327722
63	3.2273180000000004
64	21.451134999999994
65	7.326054
66	2.388136
67	2.4132890000000002
68	3.799046
69	12.720763999999999
70	16.630398
71	7.681066
72	17.106283
73	39.885341999999994
74	15.262225
75	10.825503
76	44.484779999999986
77	4.7059750000000005
78	43.26807699999999
79	20.552214
80	22.886664999999997
81	34.548503
82	13.227246000000001
83	25.613963
84	22.302780000000006
85	23.910693
86	16.102959000000002
87	5.153468
88	3.756545
89	2.824966
90	5.321991
91	3.017246
92	5.7618290000000005
93	6.490592
94	3.006443
95	0.895352
96	4.633995
97	2.449309
98	2.60084
99	2.034468
100	2.453355
101	16.328098
102	49.975448
103	12.293693999999999
104	51.755266999999975
105	54.355457999999985
106	3.845081
107	35.27115400000001
108	8.779082
109	41.070119999999996
110	42.573584
111	59.599353999999984
112	42.56650599999999
113	51.03563700000001
114	49.511312999999994
115	60.638649
116	53.56597800000001
117	67.523496
118	7.942122
119	11.000018
120	11.569896
121	47.428463
122	97.64461999999999
123	8.71824
124	51.38934099999999
125	8.194625
126	0.564468
127	0.564468
128	14.427153000000002
129	14.861552000000003
130	13.342426000000001
131	17.997832
132	15.533551000000001
133	13.330300000000001
134	20.485885999999994
135	12.858882000000001
136	14.263065000000003
137	13.660803
138	14.280514000000002
139	9.716126
140	12.807844000000001
141	13.523132000000002
142	4.128577
143	12.803862
144	1.5302099999999998
145	2.782368
146	2.702253
147	0.544707
148	0.544707
149	0.610144
150	0.610144
151	2.7919519999999998
152	2.876785
153	6.866455000000001
154	17.743946
155	6.396680000000001
156	3.355489
157	4.043152999999999
158	5.684162000000001
159	5.654006000000001
160	6.4339
161	6.680653
162	4.374551
163	1.8757929999999998
164	4.657691
165	3.402033
166	6.097622
167	2.399249
168	0.566846
169	4.524211
170	65.15980700000001
171	3.608768
172	9.155128
173	8.436337
174	58.070489
175	64.08778499999998
176	71.36777000000001
177	0.534378
178	5.470701
179	8.143388
180	12.924206
181	4.285940999999999
182	7.225836000000001
183	10.062849
184	6.810956
185	2.4196560000000003
186	2.70459
187	15.256951
188	4.962626
189	6.834475
190	13.262552999999999
191	32.99017
192	55.195217
193	49.43965599999999
194	47.075109000000005
195	17.160435000000003
196	14.403428
197	26.230641999999992
198	30.884444999999996
199	1.079655
200	69.67626599999998
201	12.849339999999998
202	25.470826
203	31.987438999999984
204	24.203528000000006
205	30.328462
206	19.801738999999998
207	16.628969
208	26.314063999999995
209	16.082757
210	22.364442999999994
211	35.40618
212	14.323906000000001
213	19.804084999999997
214	26.287028999999993
215	31.01107
216	34.996843999999996
217	19.340612
218	8.72579
219	19.038161999999996
220	30.554892999999982
221	24.526770999999997
222	20.476927999999997
223	50.617125
224	4.420134
225	6.857753000000001
226	31.572974999999996
227	21.317598
228	32.333245999999995
229	27.151401999999994
230	11.4634
231	19.417177
232	29.902268999999993
233	0.558512
234	1.4412
235	1.4193630000000002
236	2.353725
237	2.102433
238	1.0863450000000001
239	1.0863450000000001
240	1.069642
241	1.474496
242	1.5912510000000002
243	1.6341350000000001
244	23.058550999999994
245	31.486673999999987
246	17.656422
247	19.387712999999998
248	9.555430000000001
249	21.449614
250	23.596752999999996
251	41.04270699999999
252	17.773119000000005
253	8.974988
254	18.679153000000003
255	30.939111999999994
256	6.769198000000001
257	25.38700899999999
258	17.380839
259	7.500047
260	38.87301399999999
261	37.772040000000004
262	2.7365809999999997
263	5.734346999999999
264	18.623700000000003
265	24.478420999999997
266	24.464463999999992
267	32.74300299999999
268	35.98476400000001
269	29.044345999999994
270	35.220274999999994
271	18.866061999999992
272	52.342185
273	44.66425800000001
274	51.263085000000025
275	42.458566999999995
276	29.365471
277	34.85157499999999
278	63.483032
279	60.182056
280	51.810635
281	14.402366999999998
282	15.760637000000001
283	50.211379999999984
284	23.455828999999998
285	62.48482400000001
286	7.967174
287	39.265666
288	46.601388
289	41.52777600000001
290	37.03893200000001
291	28.569296000000012
292	54.86088599999999
293	57.178187
294	57.09144899999998
295	61.05262699999998
296	46.77432499999999
297	14.921402999999996
298	26.993316
299	2.803109
300	42.599971999999994
301	56.61842899999999
302	63.423166999999964
303	53.022457
304	55.76669399999999
305	32.97924
306	33.60869
307	25.655554000000006
308	82.96540300000001
309	44.06622199999998
310	35.12579099999999
311	35.32055
312	2.714663
313	2.622384
314	2.688287
315	2.786842
317	0.705429
318	16.897771999999996
319	14.912641999999998
320	19.63511
321	15.866952000000005
322	19.938588000000003
323	19.938473
324	19.702379999999998
325	21.166563999999994
326	14.220053000000002
327	14.586808000000001
328	17.001127
329	15.171887000000002
330	15.243398
331	16.570794
332	10.484281999999999
333	21.043073999999997
334	18.523722
335	18.425166
336	16.188718
337	20.94073
338	19.298626000000006
339	4.4720830000000005
340	9.218275
341	14.280304000000001
342	15.312434000000003
343	23.96810399999999
344	14.270430000000001
345	11.996970000000001
346	13.803495000000002
347	13.770425000000001
348	13.696388
349	13.321172
350	13.700356000000001
351	13.426919000000002
352	24.047593999999993
353	14.961719000000002
354	12.026345000000001
355	13.838998000000002
356	13.709090000000002
357	0.99
358	0.99
359	2.959514
360	2.835632
361	14.288638
362	3.798788
363	0.912082
364	0.912082
365	0.684064
366	0.684064
367	0.897012
368	2.455769
369	0.99
370	3.862898
371	0.628296
372	0.628296
373	1.1206960000000001
374	3.214404
375	2.9943850000000003
376	17.848146000000003
377	11.889173000000001
378	12.750976
379	30.329669999999997
380	19.137884999999997
381	50.108258
382	2.6780950000000003
383	8.390834
384	11.176517000000002
385	44.436184000000004
386	31.736549000000004
387	20.906080999999997
388	4.821561
389	64.70538500000004
390	7.366511999999999
391	38.927812
392	5.468787000000001
393	0.603682
394	0.603682
395	4.603207
396	5.422449
397	7.062071
398	7.0470440000000005
399	6.496692
400	5.088867
401	5.372547000000001
402	2.9857199999999997
403	2.262647
404	1.123294
405	26.651727
406	46.66755600000001
407	1.453792
408	20.476274
409	23.947917999999998
410	21.332537000000002
411	2.28317
412	14.166195
413	22.958992999999996
414	22.193428999999995
415	22.091119
416	22.039605
417	23.001756999999994
418	22.317386000000003
419	18.876848
420	18.018744
421	23.474859999999996
422	23.685979999999997
423	22.925811999999993
424	24.149989999999992
425	23.186995999999997
426	15.174669000000002
427	20.340037000000006
428	21.824375999999997
429	22.319406999999998
430	12.968151000000002
431	20.479011999999997
432	15.139507000000004
433	23.814973000000002
434	8.285051
435	1.59146
436	0.514348
437	17.772821000000004
438	23.11058499999999
439	21.955768
440	18.640949000000003
441	22.565751999999993
442	22.468430999999995
443	22.798731999999998
444	16.524414
445	23.333201999999993
446	20.729758999999998
447	24.179814999999994
448	23.95906299999999
449	22.68937799999999
450	21.668666999999992
451	24.34531899999999
452	23.06971099999999
453	22.528903
454	22.989096999999994
455	22.992478999999992
456	20.275529000000002
457	24.18938899999999
458	22.18467499999999
459	1.095148
460	1.717629
461	1.1120830000000002
462	0.580145
463	1.840337
464	0.89306
465	0.89306
466	0.558843
467	0.558843
468	18.456857999999997
469	5.857851
470	1.4439899999999999
471	9.602166
472	5.939797
473	17.953661
474	6.217121000000001
475	5.147636
476	2.885909
477	0.629457
478	0.920138
479	1.649133
480	1.4769269999999999
481	3.295427
482	4.31158
483	0.826761
484	4.519903
485	0.530301
486	1.71306
487	7.659053
488	6.185509000000001
489	16.790290000000002
490	26.909262999999992
491	5.8577580000000005
492	39.01024399999999
493	11.221703
494	29.457586000000006
495	2.750911
496	13.17142
497	9.559727
498	2.728631
499	22.720584
500	8.459319
501	1.377912
502	1.096056
503	1.3625820000000002
504	5.174775
505	27.304734
506	10.845132
507	19.503396
508	18.103711
509	14.729339000000003
510	22.186582999999995
511	20.682731
512	12.073984999999997
513	13.172828999999998
514	4.95
515	4.95
516	4.95
517	4.95
518	4.95
519	4.95
520	0.539148
521	0.539148
522	5.15185
523	0.506269
524	4.224997
525	0.506269
526	8.807635000000001
527	4.323569
528	8.003776
529	18.942355999999997
530	20.546953
531	14.827247000000002
532	20.249867999999992
533	17.830261
534	17.898532
535	14.671803
536	21.961997
537	17.724956
538	23.57734399999999
539	17.142402
540	13.168441
541	17.277678
542	14.840417000000002
543	14.903375
544	11.23957
545	10.933914999999997
546	10.976676000000001
547	18.628497999999997
548	15.763111000000002
549	11.323421
550	16.042636
551	1.098069
552	3.339994
553	13.646868000000001
554	4.252896000000001
555	2.942215
556	4.592795
557	4.936672
558	2.334409
559	3.7700899999999997
560	0.543084
561	2.523084
562	6.362262
563	15.361816000000003
564	1.394685
565	2.2006370000000004
566	1.913776
567	5.926117
568	6.224204000000001
569	6.273555
570	4.960531
571	5.631913000000001
572	2.22874
573	5.399391
574	4.013591
575	6.047469
576	4.849579
577	3.553613
578	4.758626
579	4.856205
580	3.9591279999999998
581	0.565957
582	3.716761
583	3.620309
584	3.544271
585	4.061033
586	3.467647
587	2.6250470000000004
588	8.14111
589	7.172555
590	8.057297000000002
591	8.074985999999999
592	1.1331449999999998
593	4.45143
594	0.708794
595	0.54874
596	5.8266800000000005
597	0.574463
598	1.3465850000000001
599	1.487454
600	2.241696
601	0.634156
602	0.634156
603	0.509828
604	16.397532
605	16.955129
606	15.374723000000001
607	15.510820000000002
608	14.421888000000001
609	16.42808
610	15.271188000000002
611	13.133383000000002
612	29.140179999999994
613	9.892914
614	1.7473619999999999
615	8.099501
616	5.472781
617	1.3753440000000001
618	0.806587
619	2.9699999999999998
620	2.9699999999999998
621	2.6426629999999998
622	2.6426629999999998
623	5.458001
624	6.937202999999999
625	4.3109530000000005
626	2.143715
627	2.527964
629	4.811296
630	3.411519
631	2.650949
632	0.744987
633	3.435912
634	0.547028
635	1.223101
636	0.558162
637	0.711134
638	0.711134
639	27.794047999999997
640	36.168126
641	32.76305099999999
642	28.05595799999999
643	39.251856
644	38.424245
645	20.369291999999998
646	28.355588999999984
647	30.068106
648	1.54722
649	0.976233
650	2.137108
651	2.099772
652	1.7319210000000003
653	33.26488599999998
654	11.855925000000001
655	16.523194
656	14.501163000000002
657	7.823621
658	9.120987
659	15.299940000000001
660	15.549515000000001
661	15.550704
662	8.858099000000001
663	15.484450000000002
664	16.196171000000003
665	13.267176
666	15.570483000000003
667	9.838583
668	10.034142
669	13.296111
670	14.199586000000002
671	19.829688999999995
672	14.014218000000001
673	11.354866
674	13.059124
675	15.865555000000002
676	15.729947000000001
677	18.187974
678	14.255356
679	25.563037999999995
680	29.468103999999986
681	12.153594
682	11.780345000000002
683	19.608053999999996
684	12.629463
685	20.680481999999994
686	31.022543999999996
687	14.189148000000001
688	0.575981
689	1.344708
690	1.9792079999999999
691	1.974305
692	2.51361
693	2.51361
694	2.7336039999999997
695	1.82125
696	1.431514
697	1.917856
698	2.545121
699	2.8897120000000003
700	1.6537190000000002
701	6.016132
702	19.146563999999998
703	20.112180999999996
704	1.8869150000000001
705	1.928879
706	1.836944
707	2.891478
708	4.152488
709	4.158734
710	5.783142
711	9.341217
712	2.8288889999999998
713	4.650468
714	7.0498199999999995
715	4.9388819999999996
716	5.554277
717	5.9864
718	1.254947
719	3.7127490000000005
720	1.958232
721	4.263852
722	1.486688
723	1.949822
724	1.1505429999999999
725	2.336327
726	2.13736
727	0.983463
728	0.983463
729	14.560716
730	3.8429320000000002
731	6.351364
732	5.674208
733	5.839446
734	5.860155000000001
735	5.939949
736	5.932151
737	5.842055
738	5.94
739	15.498748000000003
740	2.278164
741	19.888678
742	6.037644
743	18.42964
744	14.849225
745	16.680178
746	16.676109
748	8.044060000000002
749	3.306022
750	2.393873
751	7.402823
752	6.528656
753	6.198087
754	7.044535
755	8.003014
756	6.032363
757	7.749851
758	5.520696
759	7.136082
760	7.773166
761	2.3322320000000003
762	0.613954
763	0.613954
764	1.9960080000000002
765	17.486167000000002
766	3.4285250000000005
767	1.050143
768	2.224075
769	4.847086000000001
770	3.164382
771	2.6558900000000003
772	8.441743
773	11.283659000000002
774	8.650784
775	7.808934
776	12.022189
777	7.6345160000000005
778	9.388625000000001
779	10.848593000000001
780	12.139408999999999
781	6.757739000000001
782	0.503279
783	0.503279
784	5.637805
785	1.845645
786	2.4936040000000004
787	2.778482
788	8.316175
789	2.8466080000000007
790	7.213409
791	7.933993
792	10.215287
793	22.53650899999999
794	8.283205
795	8.924585
796	7.746258
797	21.527817999999993
798	2.136188
799	1.3131650000000001
800	1.443593
801	0.541672
802	5.206748
803	7.497964
804	3.557014
805	1.78853
806	7.893884
807	8.653323
808	6.431532000000001
809	6.996125000000001
810	6.661901
811	4.222523
812	10.267317
813	0.784605
814	0.784605
815	0.897012
816	0.897012
817	0.531723
818	1.296533
819	0.91781
820	0.976063
821	0.976063
822	13.771141
823	3.259342
824	0.690242
825	0.690242
826	6.440573
827	34.03205099999998
828	42.561035
829	17.178948999999996
830	25.312765
831	4.642594000000001
832	3.96
833	3.9581800000000005
834	3.96
835	0.682594
836	3.9581799999999996
837	3.3111889999999997
838	3.2036499999999997
839	1.5378370000000001
840	3.8551710000000003
841	2.5481249999999998
842	2.4255430000000002
843	6.557615
844	4.635088
845	21.936130999999996
846	25.032656999999993
847	23.341350999999992
848	22.714510999999995
849	22.59474299999999
850	22.67244299999999
851	22.294403999999993
852	23.07111199999999
853	22.032036999999995
854	23.19068599999999
855	1.1908880000000002
856	1.423105
857	1.4415390000000001
858	12.75042
859	14.504155
860	14.499565000000002
861	13.253576
862	14.757012000000001
863	14.737124000000001
864	2.154082
865	6.886513000000001
866	27.927912999999997
867	7.355836
868	5.537287
869	9.096796
870	12.684738000000001
871	13.241267
872	12.598142000000001
873	12.763509
874	12.078713
875	12.642457000000002
876	13.380331000000002
877	10.725514000000002
878	13.352590000000003
879	13.635698000000001
880	12.768133
881	13.564395000000001
882	12.278856000000001
883	1.3859110000000001
884	1.614538
885	1.077914
886	7.7829180000000004
887	6.998874000000001
888	0.666915
889	5.775664000000001
890	0.76164
891	0.76164
892	9.874019
893	12.141138000000002
894	12.950197999999999
895	25.21263699999999
896	26.996704
897	2.8679219999999996
898	11.327648
899	6.653955999999999
900	12.261788999999997
901	16.444755999999998
902	27.084217000000002
903	1.316008
904	3.07046
905	0.506514
906	0.848267
907	0.848267
908	0.556999
909	1.833407
910	0.890759
911	2.7801020000000003
912	3.384787
913	2.791649
914	3.3370919999999997
915	10.829906
916	8.222428999999998
917	10.863196
918	10.553774
919	10.097824000000001
920	8.306564999999999
921	4.119791
922	11.083231000000001
923	1.773976
924	1.7979479999999999
925	1.9560279999999999
926	20.516713999999993
927	18.769161
928	18.986093
929	21.327221999999992
930	16.435021
931	20.319817999999994
932	22.141558999999994
933	22.59722799999999
934	10.978654
935	21.801394999999996
936	22.22247699999999
937	22.00653399999999
938	2.029802
939	1.549973
940	3.8338090000000005
941	35.09443199999998
942	6.4024350000000005
943	1.156107
944	0.574021
945	4.235976
946	4.2690790000000005
947	14.123586999999997
948	24.339047000000004
949	5.075208
950	30.83185299999999
951	26.276490999999993
952	16.678860000000004
953	27.250257000000005
954	13.648258
955	14.228240000000001
956	1.531256
957	1.562681
958	1.085518
959	0.507665
960	0.577853
961	0.989893
962	0.989893
963	3.1844270000000003
964	0.937208
965	4.027531
966	0.701844
967	6.241957
968	5.769417
969	4.938267000000001
970	5.682902
971	5.815525
972	5.741546
973	5.754024
974	0.622308
975	1.51932
976	0.907376
977	0.907376
978	0.987794
979	1.9359199999999999
981	0.568161
982	0.895184
983	0.976495
984	0.976495
985	3.971253
986	3.608598
988	4.636461000000001
990	2.7110640000000004
991	2.176093
992	4.594809
993	0.891214
994	1.5057749999999999
995	0.760966
996	1.993375
997	0.571396
998	0.571396
999	1.814069
1000	1.873159
1001	1.847518
1002	0.506668
1003	2.023485
1004	6.504276
1005	0.559436
1006	2.5624320000000003
1007	4.662775
1008	4.671487
1009	4.195293
1010	4.557895
1011	4.281232
1012	6.801265
1013	0.897801
1014	0.540909
1015	0.540909
1016	1.886603
1017	1.9148319999999999
1018	2.027297
1019	2.4122380000000003
1020	1.765383
1021	5.179966
1024	3.227873
1025	1.3475000000000001
1026	1.9087610000000002
1027	2.0787340000000003
1028	2.66491
1029	3.3799639999999997
1030	1.2491970000000001
1031	6.5068980000000005
1032	6.707988
1033	2.475683
1034	5.94
1035	7.04413
1036	5.94
1037	6.516844
1038	5.94
1039	4.785614
1040	4.844953
1041	4.776552000000001
1042	4.322455
1043	4.706339
1044	0.576405
1045	0.909369
1046	0.909369
1047	3.903843
1048	2.75957
1049	2.7815200000000004
1050	4.670189
1051	2.7894360000000002
1052	6.328336
1053	3.398859
1054	4.368749
1055	4.61857
1056	0.940257
1057	0.99
1058	0.99
1059	2.027431
1060	2.673432
1061	2.235007
1062	1.755098
1063	2.6637820000000003
1064	3.8822309999999995
1065	0.509649
1066	1.055745
1067	0.513851
1068	1.152527
1069	2.9209660000000004
1070	4.079331
1071	4.151226
1072	3.644315
1073	2.7393170000000002
1074	1.3259940000000001
1075	2.446104
1076	1.799741
1077	3.2760859999999994
1078	1.807293
1079	1.7251150000000002
1080	1.664872
1081	3.734695
1082	5.400859
1083	3.925668
1084	5.062781
1085	0.550095
1086	0.710162
1087	0.710162
1088	1.103557
1089	0.562265
1090	0.99
1091	0.710751
1092	0.710751
1093	0.985941
1094	2.455292
1095	1.928232
1096	1.209954
1097	2.192094
1098	3.5325670000000002
1099	6.217820000000001
1100	0.99
1101	0.99
1102	0.897012
1103	0.897012
1104	2.551875
1105	2.213248
1106	1.81692
1107	1.8567879999999999
1108	0.99
1109	0.99
1110	0.581269
1111	0.581269
1112	0.526315
1113	3.872937
1114	1.075969
1115	1.9947409999999999
1116	0.540412
1117	0.52953
1118	0.614032
1119	0.614032
1120	1.854114
1121	1.6470600000000002
1122	2.60331
1123	1.597267
1124	1.5888820000000001
1125	1.44537
1126	0.556703
1127	6.930000000000001
1128	6.930000000000001
1129	6.930000000000001
1130	6.930000000000001
1131	6.930000000000001
1132	0.526198
1134	2.4615359999999997
1135	2.521182
1136	3.2866109999999997
1137	0.503279
1138	0.503279
1139	0.891904
1140	2.0461359999999997
1141	0.503279
1142	0.503279
1143	6.036344000000001
1144	5.920394000000001
1145	4.260189
1146	4.843737
1147	5.627913
1148	3.297905
1149	5.213279
1150	0.572841
1151	0.654837
1152	0.654837
1153	0.57493
1154	1.836188
1155	0.805679
1156	0.805679
1157	0.639398
1158	0.639398
1159	0.567731
1160	1.557731
1161	0.894317
1162	0.894317
1163	1.978292
1164	1.98
1165	1.978292
1166	1.697594
1167	1.98
1168	1.98
1169	2.646261
1170	1.228906
1171	5.501244000000001
1172	5.258043000000001
1173	0.566898
1174	2.054936
1175	1.7452779999999999
1176	0.848645
1177	0.848645
1178	0.511416
1179	0.511416
1180	10.695
1181	10.261586000000001
1182	11.805928
1183	9.486470999999998
1184	5.542425
1185	7.9255700000000004
1186	11.1231
1187	0.762913
1188	0.762913
1189	2.2842670000000003
1190	6.618855
1191	3.7218620000000002
1192	2.817954
1193	1.0766939999999998
1194	3.6223929999999998
1195	1.5378370000000001
1196	0.99
1197	0.99
1198	1.453111
1199	0.510679
1200	0.50312
1201	0.50312
1202	3.020365
1203	3.1761869999999996
1204	0.99
1205	0.99
1206	1.503404
1207	1.034974
1208	0.850556
1209	1.6599089999999999
1210	0.610633
1211	0.58045
1212	3.087509
1213	4.058641000000001
1214	4.350428
1215	5.611262999999999
1216	5.946225000000001
1217	3.0930600000000004
1218	5.24839
1219	5.805781
1220	4.93752
1221	0.887428
1222	1.257806
1223	4.11713
1224	1.489687
1225	1.1943199999999998
1226	0.897012
1227	4.030175
1228	4.762652
1229	3.8711019999999996
1230	5.234269
1231	4.295355000000001
1232	4.752474
1233	0.50481
1234	1.014146
1235	2.620065
1236	1.98
1237	3.38051
1238	3.273817
1239	2.911408
1240	0.789312
1241	0.789312
1242	2.834915
1243	0.503279
1244	0.503279
1245	0.979591
1246	0.979591
1247	0.986752
1248	0.986752
1249	2.7553349999999996
1250	2.89353
1251	2.7878540000000003
1252	2.835635
1253	0.569351
1254	0.915139
1255	1.806022
1256	0.84565
1257	0.84565
1258	1.5347620000000002
1259	2.437544
1260	0.888108
1261	0.888108
1262	1.7707739999999998
1263	3.8733130000000005
1264	1.481141
1265	0.897012
1266	0.897012
1267	2.898842
1268	1.314285
1269	1.335975
1270	2.522978
1271	1.319875
1272	0.548883
1273	0.948126
1274	0.724351
1275	0.724351
1276	3.633286
1277	1.303985
1278	0.566898
1279	0.530682
1280	1.877161
1281	1.87381
1283	0.97507
1284	0.738986
1286	0.777025
1287	0.890883
1288	0.503279
1289	0.503279
1290	0.946846
1291	0.946846
1292	0.99
1293	0.99
1294	6.759075000000001
1295	6.49415
1296	6.580719
1297	6.204923
1298	6.8132850000000005
1299	6.541237
1300	6.744634
1301	6.750057000000001
1302	3.8740959999999998
1303	4.573778000000001
1304	1.8056840000000003
1305	0.550328
1306	0.567666
1307	1.0843859999999999
1308	0.890407
1309	0.99
1310	0.99
1311	0.549265
1312	0.547216
1313	3.237134
1314	0.566898
1315	2.1988339999999997
1317	2.450612
1318	2.243084
1319	2.2722379999999998
1320	4.95056
1321	0.896253
1322	0.896253
1323	0.566898
1324	0.566898
1325	0.871748
1326	0.871748
1327	0.534223
1328	0.545036
1329	3.031076
1330	0.601645
1331	1.115773
1332	0.784159
1333	0.784159
1334	0.777743
1335	0.777743
1336	1.084407
1337	0.547352
1338	1.040334
1339	4.27227
1340	0.527546
1341	1.98
1342	1.930947
1343	0.549159
1344	0.874699
1345	0.926761
1346	0.926761
1347	2.3448890000000002
1348	0.976713
1349	0.976713
1350	0.503279
1351	0.503279
1352	0.614561
1353	1.8073900000000003
1355	1.133496
1356	1.951361
1357	0.582399
1358	0.989634
1359	0.989634
1360	1.951288
1361	2.593379
1362	2.522341
1363	0.879047
1364	0.879047
1365	0.745105
1366	0.745105
1367	1.98081
1368	0.805027
1369	1.7950270000000002
1370	3.316382
1371	0.575958
1372	1.940917
1373	0.562501
1374	0.56255
1375	0.56255
1376	0.72798
1377	0.72798
1378	0.890996
1379	0.890996
1380	0.81479
1381	1.320782
1383	0.897012
1384	1.577147
1385	1.639467
1386	1.2366139999999999
1387	1.1448269999999998
1388	4.460609
1389	3.900276
1390	4.433467
1391	2.212687
1392	4.489777
1393	4.338163999999999
1394	0.916672
1395	3.160676
1396	1.698415
1397	1.6928779999999999
1398	3.258419
1399	0.562172
1400	0.566164
1401	0.99
1402	0.631342
1403	0.631342
1404	0.575502
1405	1.508645
1406	1.7785579999999999
1407	2.782755
1408	2.7482509999999998
1409	0.897012
1410	1.63072
1411	0.93544
1412	0.93544
1413	0.537011
1414	0.537011
1415	3.873634
1416	3.8556730000000003
1417	3.86731
1418	3.7740020000000003
1419	3.148672
1420	2.439031
1421	3.560206
1422	3.2031349999999996
1423	2.5409859999999997
1424	0.572681
1425	0.556179
1426	0.89289
1427	0.89289
1429	2.8243579999999997
1430	0.567953
1431	0.535142
1432	0.535142
1433	3.9504540000000006
1434	0.58066
1435	0.58066
1436	1.263256
1437	0.552326
1438	2.191684
1439	0.575213
1440	0.575674
1441	1.974411
1442	0.897012
1443	0.897012
1444	0.606191
1445	1.400487
1446	0.688483
1447	0.774746
1448	0.774746
1449	0.573046
1450	1.221459
1451	1.7869709999999999
1452	1.633388
1453	1.640441
1454	1.634928
1455	4.023519
1456	0.566576
1457	0.69284
1458	0.69284
1459	1.98
1460	0.506737
1461	0.764216
1462	0.764216
1463	0.847255
1464	0.897012
1465	1.46391
1466	0.501985
1467	0.501985
1469	1.792203
1470	1.8737599999999999
1471	1.871607
1472	0.503279
1473	0.503279
1474	0.568161
1475	0.616493
1476	0.546742
1477	0.546742
1478	0.57169
1479	0.57169
1480	0.898713
1481	0.898713
1482	0.633147
1483	0.573762
1484	2.202685
1486	0.897012
1487	0.72171
1488	0.72171
1489	1.725035
1490	0.579019
1491	0.95769
1492	0.95769
1493	1.808656
1494	1.081481
1495	1.864672
1496	1.5321699999999998
1497	1.462102
1498	1.2658070000000001
1499	0.705429
1500	1.4960499999999999
1501	2.025272
1502	0.643619
1503	0.648413
1504	0.573122
1505	0.573122
1506	0.832849
1507	0.832849
1508	0.503279
1509	0.541524
1510	0.8586
1511	0.8586
1512	0.881526
1513	0.932076
1514	0.932076
1515	0.918578
1516	0.918578
1517	0.689147
1518	0.689147
1519	0.570831
1520	0.570831
1521	0.555895
1522	0.570394
1523	0.715107
1524	0.769236
1525	0.579627
1526	2.966699
1527	0.503279
1528	0.503279
1529	0.571375
1530	4.0095659999999995
1531	0.897012
1532	0.810612
1533	0.787091
1534	0.566898
1535	0.628963
1536	0.5429
1537	0.5429
1538	1.3852470000000001
1539	0.533383
1540	1.4481060000000001
1541	1.799183
1542	0.799471
1543	1.714757
1544	1.4201199999999998
1545	0.558106
1546	0.558106
1547	0.975901
1548	0.975901
1549	0.547803
1550	0.547803
1551	1.3106209999999998
1552	0.517801
1553	0.517801
1554	0.842362
1555	0.565096
1556	1.4756550000000002
1557	0.565138
1558	0.544622
1560	0.604588
1561	0.604588
1562	0.894603
1563	0.894603
1564	2.607073
1565	0.614769
1566	0.978487
1567	0.978487
1568	1.1470259999999999
1569	0.584129
1570	0.897012
1571	0.897012
1572	0.566931
1573	0.882688
1574	1.78619
1575	2.4354009999999997
1576	1.066052
1577	0.99
1578	0.891006
1579	0.891006
1580	0.890843
1581	0.545169
1582	0.545169
1583	0.958373
1584	0.620473
1585	0.897404
1586	0.897404
1589	1.075443
1590	0.568771
1591	1.548142
1593	0.919231
1594	0.919231
1595	0.528454
1596	0.99
1597	0.99
1598	0.56258
1599	0.910559
1600	1.501048
1601	1.88165
1602	0.99
1603	0.568245
1604	0.833335
1605	0.566898
1606	0.835767
1607	1.7946849999999999
1608	0.550603
1609	0.99
1610	0.99
1611	0.895183
1612	0.895183
1613	0.979371
1614	0.897012
1615	0.897012
1616	0.575021
1617	0.729873
1618	0.566898
1619	0.895047
1620	0.895047
1621	0.92109
